1,3,2,5
2,7,1,8
3,1,5,6
4,4,1,5
5,4,1,5
6,14,4,18
7,15,7,22
8,4,1,5
9,2,3,5
10,7,2,9
11,7,2,9
13,7,14,21
14,4,2,6
15,1,10,11
16,6,4,10
17,3,2,5
19,12,11,23
20,3,3,6
21,4,19,23
22,2,3,5
23,12,10,22
24,1,3,4
26,7,7,14
28,1,4,5
29,2,9,11
30,6,3,9
32,0,7,7
33,4,5,9
34,0,5,5
35,0,8,8
37,3,18,21
38,4,1,5
39,3,2,5
40,1,4,5
41,2,7,9
42,4,1,5
43,20,2,22
44,4,3,7
45,5,3,8
46,1,12,13
47,2,7,9
48,8,15,23
49,17,7,24
51,0,5,5
52,5,3,8
53,13,1,14
55,6,5,11
56,8,7,15
57,2,5,7
60,8,1,9
61,0,5,5
62,1,7,8
63,2,4,6
64,2,5,7
65,2,5,7
66,3,9,12
67,5,6,11
68,6,14,20
69,9,12,21
70,5,10,15
71,7,2,9
72,1,4,5
73,10,5,15
74,6,2,8
75,11,8,19
76,4,7,11
77,7,1,8
78,2,15,17
80,1,4,5
81,1,4,5
82,0,5,5
83,15,2,17
84,12,3,15
85,3,18,21
86,8,7,15
87,8,9,17
88,5,2,7
89,1,3,4
90,4,4,8
92,1,9,10
93,9,6,15
94,0,9,9
96,4,11,15
97,3,10,13
98,14,3,17
99,4,19,23
100,9,7,16
101,4,5,9
103,19,4,23
104,1,16,17
105,20,3,23
106,17,2,19
107,1,12,13
108,0,5,5
111,2,8,10
113,4,1,5
114,1,9,10
115,5,3,8
117,2,5,7
118,18,2,20
119,1,10,11
120,15,6,21
121,9,5,14
122,6,5,11
123,17,2,19
124,5,6,11
125,4,1,5
126,2,7,9
127,1,10,11
128,19,3,22
130,9,8,17
131,9,12,21
132,3,3,6
134,1,9,10
135,1,21,22
136,8,10,18
137,12,7,19
138,6,3,9
139,2,10,12
140,8,6,14
141,15,4,19
142,10,5,15
143,3,20,23
144,2,20,22
145,6,4,10
148,3,2,5
149,9,2,11
150,7,2,9
151,3,3,6
153,9,7,16
155,4,1,5
157,16,3,19
158,4,13,17
159,7,8,15
160,1,15,16
162,2,5,7
163,2,3,5
164,9,2,11
165,7,10,17
166,11,11,22
167,16,2,18
168,4,4,8
169,4,7,11
170,15,2,17
171,2,3,5
172,1,4,5
173,7,2,9
174,5,3,8
175,3,7,10
178,0,5,5
179,3,10,13
180,3,6,9
181,13,11,24
182,10,8,18
183,2,13,15
184,4,1,5
185,8,1,9
186,7,6,13
188,6,7,13
189,7,10,17
190,4,1,5
193,12,5,17
194,2,3,5
195,9,2,11
196,11,13,24
197,4,1,5
198,5,7,12
199,1,22,23
201,5,7,12
202,1,4,5
204,0,5,5
206,1,4,5
207,5,5,10
208,7,3,10
209,0,9,9
210,6,5,11
211,5,4,9
212,19,5,24
213,11,5,16
214,17,2,19
215,7,4,11
216,17,2,19
217,8,9,17
218,4,4,8
219,1,4,5
220,1,16,17
221,4,7,11
222,2,4,6
223,2,3,5
224,9,7,16
225,3,16,19
226,5,2,7
227,2,6,8
228,0,9,9
229,6,16,22
230,9,3,12
231,3,13,16
232,4,4,8
233,5,7,12
234,6,2,8
235,3,4,7
236,19,4,23
237,0,5,5
238,0,10,10
239,8,2,10
240,6,3,9
244,1,11,12
245,2,7,9
246,5,16,21
247,0,5,5
248,1,17,18
249,4,15,19
250,2,7,9
251,9,13,22
252,10,7,17
253,2,3,5
254,10,5,15
255,9,4,13
256,4,8,12
257,7,9,16
259,3,3,6
260,0,9,9
261,1,5,6
262,1,5,6
263,6,13,19
266,10,6,16
267,5,3,8
268,4,1,5
269,8,12,20
271,7,8,15
272,7,3,10
273,10,7,17
274,7,11,18
275,4,4,8
277,8,11,19
278,8,1,9
280,8,9,17
281,6,8,14
282,3,14,17
283,6,6,12
284,4,1,5
285,0,4,4
286,6,12,18
287,4,1,5
289,4,1,5
290,2,16,18
291,18,6,24
292,6,1,7
293,0,5,5
294,4,1,5
295,10,5,15
296,4,9,13
297,5,18,23
298,3,5,8
299,5,4,9
300,7,2,9
301,16,2,18
302,0,5,5
304,20,4,24
305,1,6,7
306,14,6,20
307,4,1,5
308,11,4,15
309,18,6,24
310,6,9,15
311,3,2,5
314,18,3,21
315,3,2,5
316,6,11,17
317,15,4,19
318,3,2,5
321,1,9,10
322,3,10,13
323,3,6,9
324,1,23,24
326,1,4,5
327,1,18,19
328,4,3,7
329,2,3,5
330,14,2,16
331,3,2,5
333,7,11,18
337,2,4,6
338,7,5,12
339,2,4,6
340,4,2,6
341,7,7,14
342,1,11,12
343,2,10,12
344,5,11,16
346,3,7,10
347,0,4,4
349,11,2,13
350,5,11,16
351,15,6,21
353,0,5,5
354,10,6,16
355,7,11,18
358,3,7,10
359,5,10,15
360,13,3,16
361,5,8,13
362,5,12,17
363,6,6,12
364,8,7,15
365,1,7,8
367,2,3,5
368,5,5,10
370,1,6,7
371,2,7,9
372,4,1,5
374,10,11,21
375,12,3,15
376,7,6,13
377,1,5,6
378,0,5,5
379,3,2,5
380,6,6,12
381,5,3,8
382,2,3,5
383,3,17,20
384,3,16,19
385,9,13,22
386,11,4,15
387,9,5,14
388,15,7,22
389,4,1,5
390,1,4,5
391,0,5,5
392,11,9,20
393,6,17,23
394,7,3,10
395,10,7,17
396,10,6,16
397,0,4,4
398,6,3,9
399,5,13,18
400,1,7,8
401,3,4,7
402,11,12,23
404,4,12,16
405,7,17,24
406,1,11,12
407,5,10,15
408,1,5,6
409,8,1,9
410,12,6,18
411,1,11,12
412,7,2,9
413,2,5,7
414,2,13,15
415,1,5,6
417,9,4,13
418,3,3,6
419,11,2,13
420,16,8,24
422,3,6,9
423,8,1,9
424,3,5,8
425,0,4,4
426,5,6,11
427,0,5,5
428,3,2,5
429,0,5,5
430,9,4,13
431,13,3,16
432,2,7,9
433,12,5,17
434,6,8,14
436,3,9,12
437,3,4,7
438,8,4,12
440,3,7,10
441,8,2,10
443,11,11,22
444,9,6,15
445,0,5,5
446,0,7,7
447,1,11,12
448,2,3,5
449,4,1,5
450,0,5,5
452,3,6,9
453,8,3,11
454,5,1,6
455,13,2,15
456,11,1,12
458,9,2,11
459,0,5,5
460,4,3,7
461,7,7,14
462,3,10,13
463,6,2,8
464,0,6,6
466,4,1,5
467,12,6,18
468,0,7,7
469,3,4,7
471,1,3,4
472,4,5,9
473,1,4,5
474,1,4,5
475,1,16,17
476,0,7,7
477,2,6,8
478,4,9,13
479,5,7,12
480,4,11,15
481,3,7,10
482,0,6,6
483,9,4,13
484,15,4,19
485,5,9,14
486,10,1,11
487,4,4,8
488,6,4,10
489,9,2,11
490,4,1,5
491,3,3,6
493,1,4,5
495,9,5,14
496,2,3,5
497,11,12,23
498,4,6,10
499,6,7,13
500,18,5,23
501,13,7,20
502,0,7,7
503,6,12,18
504,3,14,17
505,21,3,24
507,5,2,7
508,0,5,5
509,14,2,16
511,4,1,5
512,5,1,6
513,6,3,9
515,2,5,7
516,4,7,11
517,3,13,16
518,3,17,20
519,7,3,10
520,0,5,5
521,9,9,18
522,1,10,11
523,0,5,5
524,6,16,22
525,5,5,10
526,4,1,5
527,1,5,6
528,12,2,14
530,1,9,10
531,1,10,11
532,11,9,20
536,7,4,11
537,8,11,19
538,7,7,14
539,3,2,5
540,1,13,14
541,2,10,12
542,0,6,6
545,4,4,8
546,1,4,5
547,3,6,9
548,3,2,5
549,7,5,12
551,4,1,5
552,9,1,10
553,6,13,19
554,1,4,5
555,7,7,14
557,0,5,5
558,1,16,17
559,6,6,12
560,12,11,23
561,5,4,9
562,4,4,8
563,6,9,15
566,1,9,10
567,16,2,18
568,1,7,8
569,5,2,7
570,1,6,7
571,7,8,15
573,0,6,6
574,2,18,20
575,14,2,16
576,6,2,8
577,7,13,20
578,3,10,13
580,5,8,13
581,9,1,10
583,9,5,14
584,5,7,12
585,15,3,18
586,8,14,22
587,5,12,17
589,2,3,5
590,4,1,5
591,0,5,5
592,4,9,13
593,2,21,23
595,6,9,15
596,1,14,15
597,12,8,20
598,10,7,17
599,1,15,16
600,1,4,5
601,1,6,7
602,5,13,18
603,11,5,16
604,10,4,14
605,5,9,14
606,1,3,4
607,1,4,5
608,12,5,17
609,12,4,16
610,5,12,17
611,3,8,11
612,1,4,5
613,0,3,3
614,4,1,5
615,1,9,10
616,5,7,12
617,1,8,9
619,5,13,18
620,2,4,6
621,4,7,11
622,4,1,5
623,11,2,13
625,2,14,16
626,2,11,13
627,1,21,22
628,9,8,17
629,18,5,23
630,0,5,5
633,7,2,9
635,2,2,4
636,7,1,8
637,3,2,5
638,12,4,16
640,5,8,13
641,7,3,10
642,6,18,24
643,11,2,13
644,1,17,18
647,0,5,5
648,12,2,14
649,6,6,12
650,2,11,13
651,21,3,24
652,11,2,13
653,5,5,10
654,9,15,24
655,2,20,22
656,3,9,12
657,7,1,8
658,3,4,7
659,8,4,12
661,10,14,24
662,11,3,14
663,12,5,17
664,9,13,22
665,1,4,5
666,3,9,12
667,7,6,13
668,3,15,18
669,10,4,14
670,1,6,7
671,2,3,5
672,1,13,14
673,2,8,10
674,4,1,5
676,12,7,19
677,2,6,8
678,17,2,19
679,12,4,16
680,1,7,8
681,6,5,11
682,2,10,12
683,7,1,8
684,1,13,14
685,2,6,8
688,8,7,15
689,5,7,12
690,7,9,16
691,9,8,17
692,5,5,10
694,3,2,5
695,6,10,16
697,8,3,11
698,8,5,13
699,3,10,13
700,2,19,21
701,16,3,19
702,3,5,8
703,2,11,13
704,1,4,5
705,3,8,11
706,4,1,5
707,2,21,23
708,5,14,19
710,16,1,17
711,1,7,8
712,8,7,15
713,2,18,20
718,2,5,7
719,5,12,17
720,0,5,5
721,0,11,11
723,6,4,10
724,2,10,12
725,9,11,20
726,4,7,11
727,1,5,6
728,5,1,6
729,4,6,10
730,2,9,11
731,3,9,12
733,4,1,5
734,4,16,20
735,6,18,24
737,9,13,22
739,10,9,19
740,7,2,9
741,11,7,18
742,1,13,14
744,2,3,5
745,6,5,11
746,2,9,11
747,3,2,5
748,1,10,11
749,11,6,17
750,0,6,6
751,4,1,5
753,6,6,12
754,3,2,5
755,10,12,22
756,1,5,6
757,2,10,12
758,8,9,17
759,6,8,14
761,3,13,16
762,2,3,5
763,1,4,5
764,2,22,24
765,9,2,11
766,4,6,10
767,15,3,18
768,1,7,8
769,11,5,16
770,4,3,7
772,0,5,5
773,6,3,9
774,0,12,12
775,21,3,24
778,1,4,5
779,4,5,9
780,16,2,18
781,3,2,5
783,1,4,5
784,4,17,21
787,6,10,16
788,6,1,7
789,0,7,7
790,7,2,9
792,2,8,10
793,6,11,17
794,12,7,19
795,6,5,11
796,0,8,8
797,1,11,12
799,0,5,5
800,2,3,5
801,5,2,7
803,0,6,6
804,13,11,24
805,3,11,14
806,2,3,5
807,7,11,18
808,2,4,6
809,4,3,7
810,2,14,16
812,3,3,6
813,2,3,5
814,8,15,23
816,7,4,11
817,2,5,7
818,4,1,5
820,0,6,6
821,0,4,4
822,1,15,16
823,1,4,5
824,0,7,7
825,1,5,6
826,6,4,10
827,7,5,12
828,11,7,18
829,7,7,14
830,11,5,16
831,3,2,5
832,1,6,7
833,12,4,16
834,2,3,5
835,0,5,5
837,20,3,23
838,4,3,7
839,3,14,17
840,2,3,5
841,4,1,5
842,6,3,9
843,0,10,10
844,3,2,5
845,5,4,9
846,9,2,11
847,2,5,7
848,2,6,8
849,6,13,19
850,3,2,5
851,2,5,7
852,1,4,5
853,3,2,5
854,7,4,11
855,2,5,7
856,3,4,7
857,1,13,14
858,3,2,5
859,2,9,11
860,4,1,5
861,8,4,12
862,1,4,5
865,1,5,6
867,15,5,20
868,3,9,12
869,5,16,21
872,19,4,23
873,1,4,5
874,14,2,16
875,8,5,13
876,1,6,7
877,3,2,5
878,16,3,19
879,5,8,13
880,5,1,6
881,11,12,23
882,2,4,6
883,0,5,5
884,6,16,22
885,3,5,8
886,3,2,5
887,6,13,19
888,4,17,21
889,1,4,5
890,5,2,7
891,10,7,17
892,1,4,5
895,12,5,17
896,5,8,13
897,3,10,13
899,7,2,9
900,1,9,10
901,0,6,6
902,1,4,5
904,1,2,3
905,1,8,9
907,5,3,8
908,19,2,21
909,15,2,17
910,5,5,10
911,1,17,18
912,2,9,11
913,4,13,17
914,6,8,14
915,6,14,20
916,8,9,17
917,12,4,16
918,7,2,9
919,14,2,16
920,3,6,9
921,5,3,8
923,4,2,6
924,8,7,15
926,2,5,7
928,2,3,5
929,4,1,5
930,3,4,7
931,1,14,15
932,19,4,23
933,0,2,2
934,4,1,5
935,0,5,5
936,4,7,11
938,7,8,15
939,8,11,19
940,1,5,6
941,7,1,8
942,1,5,6
943,3,15,18
944,9,8,17
945,3,2,5
946,14,10,24
947,0,5,5
948,1,6,7
950,3,2,5
951,4,8,12
952,1,18,19
953,4,9,13
954,0,5,5
955,4,16,20
956,19,3,22
957,5,1,6
958,11,11,22
959,0,5,5
960,9,13,22
961,4,1,5
963,6,18,24
964,5,6,11
965,6,7,13
966,9,10,19
967,9,7,16
968,2,3,5
969,10,12,22
970,9,2,11
971,2,4,6
972,5,3,8
974,13,3,16
975,3,6,9
976,13,10,23
977,1,8,9
978,1,4,5
979,1,4,5
980,0,2,2
981,1,8,9
982,1,11,12
983,10,6,16
984,8,11,19
985,0,5,5
986,7,9,16
987,11,12,23
988,2,3,5
990,1,4,5
991,9,14,23
992,0,13,13
993,3,2,5
994,8,5,13
995,10,11,21
997,1,8,9
998,2,19,21
999,13,5,18
1000,0,5,5
1001,7,8,15
1002,1,4,5
1003,9,8,17
1004,14,4,18
1005,8,5,13
1006,3,2,5
1007,5,3,8
1008,11,8,19
1009,2,11,13
1010,0,2,2
1011,8,8,16
1012,5,11,16
1013,4,6,10
1015,5,8,13
1016,4,4,8
1017,1,4,5
1019,8,3,11
1020,4,10,14
1021,2,14,16
1022,14,5,19
1023,2,7,9
1024,8,2,10
1025,4,9,13
1026,5,1,6
1027,10,11,21
1028,9,2,11
1029,21,3,24
1030,2,3,5
1031,1,4,5
1032,2,22,24
1033,4,10,14
1034,2,22,24
1035,1,11,12
1036,14,6,20
1037,12,3,15
1039,4,1,5
1040,2,8,10
1041,2,7,9
1042,6,17,23
1043,4,5,9
1044,2,10,12
1045,9,3,12
1046,7,17,24
1048,8,2,10
1049,15,7,22
1050,2,6,8
1051,5,2,7
1052,8,1,9
1053,2,9,11
1054,4,14,18
1055,14,7,21
1056,9,12,21
1057,1,4,5
1058,2,3,5
1059,5,6,11
1061,4,10,14
1062,11,6,17
1063,9,7,16
1064,2,3,5
1065,5,15,20
1066,1,6,7
1067,4,2,6
1068,5,4,9
1069,1,7,8
1071,3,16,19
1072,3,2,5
1073,0,18,18
1074,3,1,4
1076,9,8,17
1077,4,6,10
1078,7,7,14
1079,3,20,23
1080,4,1,5
1081,6,8,14
1082,6,9,15
1083,19,3,22
1084,7,5,12
1085,3,6,9
1086,2,7,9
1087,2,17,19
1088,10,7,17
1089,10,7,17
1090,4,1,5
1091,6,2,8
1092,1,5,6
1093,2,8,10
1094,4,1,5
1095,7,7,14
1096,1,5,6
1097,3,12,15
1098,2,5,7
1099,3,15,18
1100,3,7,10
1101,1,4,5
1103,2,10,12
1104,0,10,10
1105,18,3,21
1106,2,4,6
1107,7,2,9
1109,4,2,6
1110,7,5,12
1111,5,4,9
1112,2,3,5
1113,3,2,5
1114,8,8,16
1115,7,2,9
1116,3,2,5
1117,7,5,12
1118,3,9,12
1119,5,18,23
1120,11,13,24
1121,1,13,14
1122,3,19,22
1124,5,9,14
1125,1,4,5
1126,0,8,8
1127,1,13,14
1128,1,4,5
1129,1,13,14
1130,11,4,15
1131,8,9,17
1132,3,2,5
1133,2,3,5
1135,6,2,8
1137,1,6,7
1139,12,9,21
1140,5,7,12
1141,7,1,8
1142,6,3,9
1143,4,1,5
1145,11,6,17
1146,11,2,13
1147,2,9,11
1148,10,2,12
1149,10,6,16
1150,0,5,5
1152,1,9,10
1153,5,11,16
1155,5,9,14
1156,13,4,17
1157,15,6,21
1158,6,8,14
1160,3,2,5
1161,0,6,6
1162,2,5,7
1163,4,9,13
1164,11,11,22
1165,6,8,14
1166,16,5,21
1167,0,5,5
1168,0,11,11
1169,9,11,20
1170,5,7,12
1172,4,4,8
1173,4,13,17
1174,19,4,23
1175,2,5,7
1176,12,5,17
1177,7,3,10
1178,5,5,10
1179,8,14,22
1180,1,5,6
1183,14,4,18
1184,1,3,4
1185,8,2,10
1186,5,9,14
1187,22,2,24
1188,4,1,5
1190,1,4,5
1191,4,1,5
1192,11,13,24
1193,14,8,22
1194,0,8,8
1195,3,2,5
1197,0,5,5
1198,0,2,2
1199,10,8,18
1200,2,6,8
1201,0,7,7
1202,5,5,10
1203,4,7,11
1204,4,17,21
1205,5,2,7
1206,7,9,16
1207,9,2,11
1208,8,2,10
1209,0,13,13
1210,5,12,17
1212,18,5,23
1213,0,5,5
1214,9,5,14
1215,3,5,8
1217,1,14,15
1219,9,2,11
1220,0,7,7
1221,4,1,5
1222,9,12,21
1223,8,1,9
1224,1,4,5
1225,11,9,20
1226,2,3,5
1227,6,13,19
1228,11,4,15
1229,6,6,12
1230,4,2,6
1231,4,3,7
1232,15,2,17
1233,2,7,9
1234,1,4,5
1235,2,8,10
1236,1,4,5
1238,14,6,20
1239,2,14,16
1240,5,4,9
1241,8,11,19
1242,3,12,15
1243,13,4,17
1244,4,8,12
1245,9,13,22
1246,2,8,10
1247,8,4,12
1248,14,4,18
1249,4,1,5
1251,2,3,5
1252,8,14,22
1253,4,1,5
1254,6,11,17
1255,5,8,13
1256,6,4,10
1257,2,3,5
1259,8,1,9
1260,1,7,8
1261,11,11,22
1262,17,7,24
1263,10,10,20
1264,1,4,5
1265,6,11,17
1266,7,10,17
1267,1,12,13
1268,0,7,7
1269,12,8,20
1270,2,7,9
1271,2,18,20
1272,2,8,10
1273,3,2,5
1274,3,2,5
1275,8,6,14
1276,15,2,17
1277,5,9,14
1278,6,2,8
1282,10,2,12
1283,7,5,12
1284,8,5,13
1285,0,6,6
1286,2,3,5
1287,5,1,6
1290,6,2,8
1293,1,4,5
1294,7,4,11
1295,3,11,14
1296,10,3,13
1297,4,11,15
1298,3,4,7
1300,2,3,5
1301,7,8,15
1302,10,2,12
1303,8,4,12
1304,14,5,19
1305,1,4,5
1306,4,7,11
1307,15,6,21
1308,6,6,12
1309,1,10,11
1310,2,4,6
1311,1,10,11
1313,15,8,23
1314,1,5,6
1315,11,6,17
1316,14,7,21
1317,4,20,24
1318,3,6,9
1319,2,9,11
1321,3,11,14
1322,5,14,19
1324,0,6,6
1326,1,9,10
1327,14,1,15
1328,13,4,17
1329,6,1,7
1331,13,5,18
1332,0,15,15
1334,3,2,5
1335,1,6,7
1336,8,6,14
1338,2,9,11
1339,1,4,5
1340,15,6,21
1341,6,18,24
1342,3,2,5
1343,10,1,11
1345,9,1,10
1347,12,1,13
1348,13,5,18
1350,0,7,7
1351,2,3,5
1353,2,3,5
1354,0,12,12
1355,17,2,19
1356,3,11,14
1357,3,2,5
1358,3,13,16
1359,2,12,14
1360,4,6,10
1362,6,9,15
1363,8,2,10
1364,7,3,10
1365,3,6,9
1366,1,4,5
1367,12,2,14
1368,5,9,14
1369,3,7,10
1370,4,9,13
1371,5,4,9
1372,8,2,10
1374,0,6,6
1375,13,4,17
1377,10,4,14
1378,12,1,13
1379,4,6,10
1380,4,7,11
1381,3,2,5
1382,10,11,21
1383,4,1,5
1386,2,6,8
1387,0,5,5
1389,8,4,12
1390,4,17,21
1391,7,16,23
1392,11,13,24
1394,7,9,16
1395,2,3,5
1396,3,2,5
1398,11,6,17
1399,2,6,8
1401,7,8,15
1402,5,4,9
1404,3,2,5
1405,0,7,7
1406,0,6,6
1407,10,6,16
1408,9,5,14
1409,7,3,10
1411,8,7,15
1412,0,6,6
1413,2,5,7
1414,5,5,10
1415,6,4,10
1416,4,5,9
1417,3,12,15
1418,1,4,5
1419,2,13,15
1422,4,10,14
1423,1,5,6
1425,9,4,13
1426,0,4,4
1427,8,2,10
1428,6,16,22
1430,2,6,8
1431,11,2,13
1432,17,2,19
1435,0,6,6
1436,13,6,19
1437,8,1,9
1438,1,13,14
1439,1,10,11
1440,11,13,24
1441,0,5,5
1442,4,7,11
1443,1,16,17
1444,8,1,9
1445,20,2,22
1447,0,4,4
1449,5,12,17
1450,6,2,8
1451,7,2,9
1452,0,5,5
1453,12,4,16
1454,5,15,20
1455,8,3,11
1456,5,1,6
1457,9,3,12
1458,7,4,11
1459,4,1,5
1460,1,4,5
1461,0,5,5
1462,8,3,11
1463,3,2,5
1464,5,1,6
1465,2,7,9
1466,2,7,9
1467,1,19,20
1468,5,10,15
1469,3,4,7
1470,5,1,6
1471,7,1,8
1472,1,4,5
1473,2,11,13
1474,12,2,14
1475,17,5,22
1476,1,9,10
1479,4,2,6
1480,8,11,19
1481,1,4,5
1483,2,19,21
1484,3,2,5
1485,4,1,5
1487,6,3,9
1488,8,5,13
1489,9,2,11
1490,11,6,17
1491,1,4,5
1492,10,5,15
1493,1,4,5
1495,0,7,7
1496,0,5,5
1497,3,12,15
1498,2,4,6
1499,8,11,19
1500,4,5,9
1501,12,2,14
1502,4,1,5
1503,4,10,14
1505,3,2,5
1506,5,6,11
1508,18,5,23
1509,8,11,19
1510,3,11,14
1511,4,4,8
1512,9,2,11
1513,9,6,15
1514,4,1,5
1515,11,9,20
1516,5,7,12
1518,11,2,13
1519,1,11,12
1520,6,14,20
1522,9,2,11
1523,6,8,14
1524,4,1,5
1525,2,14,16
1526,2,5,7
1527,1,8,9
1528,10,11,21
1530,1,6,7
1531,13,5,18
1532,14,2,16
1533,1,13,14
1534,8,5,13
1535,7,12,19
1536,4,1,5
1537,3,17,20
1538,6,2,8
1539,7,7,14
1540,3,12,15
1541,7,17,24
1543,1,14,15
1545,6,3,9
1546,3,8,11
1547,1,17,18
1548,5,1,6
1549,7,17,24
1550,3,3,6
1553,8,11,19
1554,2,9,11
1555,3,7,10
1556,10,11,21
1557,3,4,7
1558,2,6,8
1559,8,3,11
1561,2,7,9
1563,7,12,19
1564,3,17,20
1565,3,8,11
1566,14,9,23
1567,4,1,5
1568,6,5,11
1569,13,5,18
1570,6,2,8
1571,7,1,8
1572,1,5,6
1573,5,1,6
1574,0,5,5
1575,4,3,7
1576,5,3,8
1577,1,4,5
1578,11,8,19
1579,4,12,16
1580,1,9,10
1581,5,2,7
1583,7,2,9
1584,3,4,7
1585,4,2,6
1586,2,22,24
1587,8,6,14
1588,8,3,11
1589,10,1,11
1590,6,16,22
1591,14,3,17
1592,1,4,5
1593,7,5,12
1594,10,7,17
1595,1,14,15
1596,2,3,5
1597,2,3,5
1598,11,7,18
1599,4,1,5
1600,9,13,22
1601,16,5,21
1602,3,2,5
1603,5,2,7
1604,2,7,9
1605,6,5,11
1606,6,8,14
1607,1,5,6
1608,9,5,14
1609,6,4,10
1610,3,3,6
1611,10,3,13
1613,8,2,10
1614,13,1,14
1616,7,2,9
1617,2,6,8
1618,5,1,6
1619,4,3,7
1621,1,13,14
1622,2,3,5
1623,12,4,16
1624,0,10,10
1625,5,11,16
1626,2,3,5
1627,13,2,15
1628,8,4,12
1629,3,2,5
1630,6,5,11
1631,2,6,8
1632,1,12,13
1633,0,2,2
1634,3,4,7
1635,9,4,13
1636,3,4,7
1637,9,1,10
1638,1,15,16
1639,2,4,6
1640,6,11,17
1641,2,8,10
1642,7,2,9
1643,6,13,19
1644,8,2,10
1645,1,4,5
1646,0,5,5
1649,0,5,5
1650,8,3,11
1651,1,3,4
1653,3,2,5
1654,18,6,24
1655,9,14,23
1656,10,2,12
1657,2,3,5
1658,4,5,9
1659,6,8,14
1660,4,1,5
1661,4,1,5
1662,0,5,5
1663,13,7,20
1665,2,2,4
1666,3,7,10
1667,1,11,12
1668,1,4,5
1669,1,4,5
1670,3,10,13
1671,10,5,15
1672,0,5,5
1673,9,10,19
1674,1,4,5
1675,6,10,16
1676,0,7,7
1677,4,18,22
1678,9,11,20
1680,3,6,9
1681,7,17,24
1682,2,18,20
1683,2,12,14
1684,1,10,11
1685,10,9,19
1686,3,6,9
1687,0,5,5
1688,4,1,5
1689,2,7,9
1690,0,8,8
1692,11,13,24
1693,2,3,5
1694,4,1,5
1695,3,7,10
1696,2,10,12
1697,3,2,5
1698,5,5,10
1699,3,9,12
1700,12,1,13
1701,8,2,10
1702,13,6,19
1703,1,16,17
1704,18,6,24
1706,5,3,8
1707,0,8,8
1708,16,7,23
1710,7,14,21
1711,12,8,20
1712,6,17,23
1713,4,15,19
1714,4,5,9
1715,3,2,5
1717,2,3,5
1719,4,11,15
1720,4,4,8
1721,4,1,5
1722,7,6,13
1723,8,13,21
1724,5,4,9
1725,4,11,15
1726,4,11,15
1727,7,7,14
1728,3,6,9
1729,2,11,13
1730,3,13,16
1733,5,8,13
1734,6,2,8
1735,5,7,12
1736,9,5,14
1738,0,11,11
1739,15,9,24
1740,15,5,20
1742,6,1,7
1744,2,9,11
1745,4,1,5
1746,1,4,5
1747,7,12,19
1748,18,5,23
1749,3,13,16
1750,4,1,5
1751,3,2,5
1752,6,6,12
1753,4,1,5
1754,4,3,7
1755,3,4,7
1756,6,1,7
1757,4,5,9
1758,1,4,5
1759,3,2,5
1761,4,3,7
1762,2,11,13
1763,4,1,5
1764,2,2,4
1765,4,5,9
1766,1,5,6
1767,10,14,24
1768,19,2,21
1769,13,5,18
1770,2,3,5
1771,5,14,19
1773,5,9,14
1774,6,1,7
1776,13,3,16
1777,8,9,17
1778,1,4,5
1780,1,4,5
1781,2,12,14
1782,3,7,10
1783,8,5,13
1785,1,8,9
1786,2,3,5
1787,3,2,5
1788,6,14,20
1789,6,11,17
1791,3,2,5
1792,8,1,9
1793,1,5,6
1794,4,2,6
1795,4,3,7
1796,0,5,5
1797,19,2,21
1798,7,10,17
1799,1,6,7
1802,10,6,16
1804,6,12,18
1805,9,3,12
1806,6,14,20
1808,5,9,14
1811,0,8,8
1812,0,8,8
1813,6,3,9
1814,0,9,9
1815,8,8,16
1817,17,3,20
1818,4,7,11
1819,2,3,5
1820,10,2,12
1821,4,1,5
1822,5,3,8
1824,11,4,15
1825,1,5,6
1827,11,8,19
1828,4,13,17
1829,2,5,7
1830,1,6,7
1831,1,3,4
1832,5,8,13
1834,8,3,11
1836,6,5,11
1837,0,7,7
1838,3,1,4
1839,0,5,5
1843,10,5,15
1844,17,7,24
1845,5,9,14
1846,1,5,6
1848,7,4,11
1849,10,2,12
1850,9,6,15
1851,11,8,19
1852,7,8,15
1853,3,9,12
1854,7,9,16
1855,17,3,20
1856,4,18,22
1857,10,14,24
1858,3,5,8
1859,2,6,8
1860,2,6,8
1861,0,5,5
1862,11,6,17
1863,11,8,19
1864,12,1,13
1865,16,8,24
1866,7,2,9
1867,1,8,9
1868,0,8,8
1869,15,3,18
1870,2,22,24
1871,2,3,5
1872,2,4,6
1874,9,4,13
1876,0,5,5
1877,8,2,10
1878,6,6,12
1879,12,2,14
1880,17,3,20
1881,1,16,17
1882,0,12,12
1883,8,11,19
1884,6,11,17
1885,1,7,8
1886,5,4,9
1887,15,3,18
1888,4,1,5
1889,0,16,16
1890,19,2,21
1891,3,2,5
1892,7,8,15
1893,4,1,5
1894,5,2,7
1895,0,5,5
1896,10,9,19
1897,0,8,8
1898,6,11,17
1900,3,3,6
1901,4,2,6
1902,2,22,24
1903,9,2,11
1904,4,1,5
1905,8,13,21
1906,1,23,24
1907,7,4,11
1908,15,4,19
1909,6,7,13
1910,0,9,9
1911,2,17,19
1914,12,2,14
1915,2,7,9
1916,1,23,24
1917,3,2,5
1918,2,5,7
1919,10,1,11
1920,4,1,5
1921,1,17,18
1923,1,3,4
1924,10,5,15
1925,3,2,5
1926,16,2,18
1927,4,4,8
1928,1,8,9
1929,0,6,6
1930,3,3,6
1931,4,1,5
1933,6,10,16
1934,14,9,23
1935,18,2,20
1936,10,5,15
1937,3,7,10
1938,8,1,9
1940,13,3,16
1941,2,5,7
1942,0,10,10
1943,3,2,5
1944,2,3,5
1945,0,3,3
1946,6,14,20
1947,3,6,9
1948,1,6,7
1951,2,7,9
1953,1,4,5
1955,8,12,20
1956,20,3,23
1959,1,4,5
1960,3,2,5
1961,0,9,9
1962,4,14,18
1963,8,10,18
1965,2,3,5
1966,2,8,10
1968,11,4,15
1969,1,11,12
1970,0,7,7
1971,19,3,22
1972,11,6,17
1973,9,2,11
1974,4,4,8
1975,0,2,2
1976,4,11,15
1977,5,19,24
1979,1,6,7
1980,9,2,11
1981,7,10,17
1982,6,4,10
1983,3,4,7
1984,1,13,14
1986,0,5,5
1987,13,8,21
1988,3,15,18
1990,2,11,13
1991,8,13,21
1992,3,2,5
1993,5,5,10
1994,1,15,16
1995,19,2,21
1996,7,1,8
1998,2,4,6
1999,2,8,10
2000,1,4,5
2001,0,3,3
2002,1,4,5
2003,2,10,12
2004,14,5,19
2005,1,4,5
2006,6,7,13
2007,4,4,8
2008,3,9,12
2010,3,3,6
2012,4,1,5
2013,6,3,9
2014,12,2,14
2015,0,6,6
2016,0,7,7
2017,1,13,14
2019,2,7,9
2020,1,1,2
2022,3,6,9
2023,12,6,18
2025,7,3,10
2027,1,4,5
2028,4,2,6
2029,6,5,11
2030,9,9,18
2032,8,14,22
2034,2,9,11
2035,4,13,17
2036,0,5,5
2037,19,3,22
2038,2,3,5
2039,15,7,22
2041,1,10,11
2043,14,5,19
2044,2,10,12
2045,4,1,5
2046,9,2,11
2047,5,11,16
2048,14,2,16
2049,6,2,8
2050,3,6,9
2051,7,7,14
2052,1,4,5
2053,6,18,24
2054,3,2,5
2055,4,4,8
2056,7,13,20
2057,0,5,5
2058,3,7,10
2059,2,3,5
2060,2,3,5
2061,5,11,16
2064,5,8,13
2065,11,12,23
2068,6,2,8
2069,7,2,9
2070,3,3,6
2072,4,5,9
2073,0,2,2
2075,9,15,24
2076,7,14,21
2077,0,8,8
2078,0,9,9
2079,3,7,10
2080,1,17,18
2082,9,14,23
2083,13,3,16
2084,8,7,15
2085,4,5,9
2086,1,7,8
2087,0,7,7
2088,3,2,5
2089,6,13,19
2090,4,8,12
2091,18,5,23
2093,8,4,12
2094,4,1,5
2095,2,19,21
2096,9,10,19
2097,6,14,20
2098,16,5,21
2099,5,15,20
2100,15,4,19
2101,12,2,14
2102,8,2,10
2103,13,9,22
2105,11,11,22
2106,1,4,5
2107,9,8,17
2108,2,18,20
2109,1,23,24
2110,6,6,12
2111,2,15,17
2112,1,10,11
2113,0,5,5
2114,2,3,5
2115,4,1,5
2116,2,10,12
2117,2,3,5
2118,10,4,14
2119,16,7,23
2120,3,2,5
2123,8,7,15
2125,1,10,11
2126,5,5,10
2127,9,8,17
2128,12,8,20
2129,0,5,5
2130,6,2,8
2131,4,1,5
2132,8,3,11
2133,7,15,22
2134,1,13,14
2137,4,1,5
2138,1,4,5
2139,6,12,18
2140,7,9,16
2141,4,7,11
2143,8,4,12
2144,11,7,18
2145,4,7,11
2146,7,17,24
2147,0,5,5
2148,17,3,20
2149,2,3,5
2151,0,5,5
2152,5,4,9
2153,9,5,14
2154,0,5,5
2157,0,5,5
2158,0,5,5
2159,8,1,9
2160,20,3,23
2164,5,1,6
2167,9,5,14
2168,9,4,13
2170,5,8,13
2171,1,8,9
2172,8,1,9
2173,8,6,14
2175,13,9,22
2177,5,7,12
2179,8,2,10
2180,4,5,9
2181,9,1,10
2182,10,7,17
2183,7,7,14
2184,16,5,21
2185,10,6,16
2186,3,2,5
2187,2,3,5
2188,3,3,6
2189,2,3,5
2190,1,18,19
2191,11,3,14
2192,16,8,24
2193,7,2,9
2194,1,12,13
2195,9,2,11
2198,4,1,5
2200,2,3,5
2201,3,3,6
2203,3,3,6
2204,3,2,5
2205,5,8,13
2206,11,9,20
2207,1,4,5
2208,3,2,5
2209,3,3,6
2210,1,4,5
2211,20,3,23
2212,14,6,20
2213,5,12,17
2214,4,4,8
2215,3,1,4
2216,1,4,5
2217,21,2,23
2218,9,8,17
2219,9,9,18
2220,1,4,5
2222,3,2,5
2223,3,5,8
2224,0,7,7
2225,4,1,5
2226,4,6,10
2227,3,2,5
2228,2,3,5
2229,2,16,18
2230,13,8,21
2231,2,8,10
2233,6,3,9
2234,5,3,8
2236,13,10,23
2238,5,4,9
2239,18,5,23
2240,15,6,21
2241,11,3,14
2242,10,5,15
2243,7,10,17
2244,3,3,6
2245,4,1,5
2247,9,4,13
2248,4,7,11
2249,13,6,19
2250,6,6,12
2251,4,2,6
2253,0,11,11
2254,7,8,15
2255,4,1,5
2256,14,1,15
2257,1,5,6
2258,10,2,12
2259,5,3,8
2260,7,5,12
2261,2,7,9
2262,17,1,18
2263,9,5,14
2265,6,14,20
2266,8,1,9
2268,5,1,6
2269,11,6,17
2270,1,4,5
2271,2,11,13
2273,4,6,10
2274,8,10,18
2275,2,3,5
2276,2,12,14
2278,4,1,5
2279,13,2,15
2280,1,4,5
2281,1,11,12
2283,1,7,8
2284,0,5,5
2285,8,4,12
2286,1,17,18
2287,11,5,16
2288,1,9,10
2289,10,3,13
2291,6,5,11
2292,3,2,5
2293,3,2,5
2294,4,1,5
2295,1,4,5
2296,4,10,14
2297,3,2,5
2298,6,1,7
2299,4,2,6
2300,1,4,5
2301,20,2,22
2302,3,8,11
2303,2,21,23
2304,3,2,5
2305,7,1,8
2306,5,5,10
2307,1,3,4
2308,8,9,17
2309,14,4,18
2310,0,9,9
2312,7,2,9
2313,15,6,21
2314,5,5,10
2315,4,7,11
2316,3,2,5
2317,1,12,13
2318,6,13,19
2320,1,7,8
2321,7,2,9
2322,9,4,13
2323,15,8,23
2325,1,4,5
2326,0,7,7
2327,4,1,5
2328,6,11,17
2329,10,14,24
2331,1,21,22
2332,0,5,5
2333,1,7,8
2334,2,3,5
2335,12,3,15
2337,1,14,15
2339,1,18,19
2340,2,3,5
2341,1,3,4
2342,12,5,17
2343,12,2,14
2344,5,1,6
2345,5,15,20
2346,1,7,8
2347,6,4,10
2349,3,2,5
2350,3,2,5
2351,8,11,19
2353,2,17,19
2354,0,6,6
2355,2,3,5
2356,2,14,16
2357,2,15,17
2358,4,3,7
2359,3,2,5
2360,4,12,16
2361,8,1,9
2362,21,2,23
2363,2,7,9
2364,1,4,5
2365,2,3,5
2366,6,4,10
2367,2,16,18
2370,9,12,21
2372,4,1,5
2373,1,7,8
2374,3,2,5
2376,7,4,11
2377,0,7,7
2378,4,20,24
2379,3,5,8
2382,7,1,8
2383,14,2,16
2384,18,5,23
2386,0,9,9
2387,16,3,19
2388,21,3,24
2389,0,5,5
2390,1,19,20
2392,5,8,13
2394,5,18,23
2395,3,5,8
2396,13,5,18
2397,1,4,5
2398,1,12,13
2399,3,2,5
2401,1,6,7
2402,1,4,5
2403,2,14,16
2404,1,4,5
2405,5,9,14
2406,5,13,18
2407,14,10,24
2408,2,3,5
2409,7,11,18
2410,1,8,9
2411,3,10,13
2412,3,2,5
2414,10,11,21
2415,2,3,5
2416,0,12,12
2417,0,4,4
2418,3,2,5
2419,2,6,8
2421,4,1,5
2422,0,5,5
2423,9,4,13
2424,1,6,7
2425,11,5,16
2426,3,2,5
2427,4,6,10
2428,3,5,8
2429,3,2,5
2430,8,2,10
2431,4,17,21
2432,0,5,5
2433,10,12,22
2434,1,17,18
2436,14,7,21
2437,12,3,15
2438,7,2,9
2439,7,1,8
2440,3,2,5
2441,7,8,15
2442,3,11,14
2444,0,10,10
2445,10,4,14
2446,16,2,18
2447,1,5,6
2448,9,9,18
2449,12,4,16
2450,6,9,15
2451,3,3,6
2453,2,10,12
2454,2,5,7
2455,13,11,24
2457,3,5,8
2458,8,12,20
2459,11,2,13
2460,3,11,14
2461,9,4,13
2462,6,7,13
2463,0,5,5
2465,0,7,7
2466,8,16,24
2467,10,11,21
2468,4,11,15
2469,16,2,18
2470,9,2,11
2471,10,2,12
2472,11,12,23
2473,0,5,5
2474,0,10,10
2475,5,18,23
2476,1,6,7
2477,2,18,20
2478,4,1,5
2479,1,7,8
2480,1,9,10
2482,4,18,22
2483,12,2,14
2484,15,9,24
2485,3,4,7
2486,7,12,19
2487,3,4,7
2488,6,7,13
2489,3,6,9
2490,2,3,5
2491,17,5,22
2493,2,8,10
2494,2,19,21
2495,3,8,11
2496,1,7,8
2497,10,3,13
2498,3,11,14
2499,16,2,18
2500,6,8,14
2501,3,5,8
2502,4,12,16
2503,3,9,12
2504,4,8,12
2505,5,2,7
2506,2,1,3
2508,1,6,7
2509,2,5,7
2510,9,2,11
2511,13,2,15
2512,0,5,5
2513,4,9,13
2515,9,1,10
2516,2,3,5
2517,7,9,16
2518,12,9,21
2519,6,2,8
2520,0,5,5
2521,3,8,11
2522,2,3,5
2523,6,6,12
2524,8,8,16
2525,5,2,7
2526,11,10,21
2527,5,5,10
2528,1,7,8
2530,4,5,9
2531,13,7,20
2532,1,5,6
2533,2,3,5
2534,1,10,11
2535,18,3,21
2536,8,2,10
2537,4,1,5
2538,7,10,17
2539,7,3,10
2540,3,2,5
2541,17,4,21
2542,4,5,9
2543,7,12,19
2544,11,2,13
2545,16,7,23
2547,0,5,5
2548,1,8,9
2550,2,9,11
2551,3,2,5
2552,0,3,3
2553,9,5,14
2555,1,4,5
2557,8,12,20
2558,15,3,18
2561,4,3,7
2562,13,2,15
2563,1,7,8
2564,11,9,20
2565,13,2,15
2566,2,3,5
2567,8,9,17
2568,12,5,17
2569,21,3,24
2570,16,3,19
2571,9,5,14
2572,8,10,18
2573,5,4,9
2574,0,5,5
2575,14,2,16
2576,4,5,9
2577,2,15,17
2578,1,7,8
2579,18,5,23
2580,9,8,17
2581,4,12,16
2582,7,4,11
2583,4,2,6
2584,8,11,19
2586,2,3,5
2587,6,5,11
2588,0,5,5
2589,3,2,5
2590,3,14,17
2591,0,5,5
2592,3,2,5
2593,3,9,12
2594,2,21,23
2595,20,3,23
2596,6,6,12
2597,6,1,7
2599,7,1,8
2601,2,3,5
2602,4,1,5
2603,19,5,24
2604,2,10,12
2605,4,1,5
2606,3,1,4
2607,0,5,5
2608,1,4,5
2609,19,3,22
2610,7,7,14
2611,5,6,11
2612,7,8,15
2615,0,10,10
2616,1,11,12
2617,3,15,18
2619,8,3,11
2620,7,10,17
2621,5,2,7
2622,3,12,15
2623,3,2,5
2624,4,10,14
2625,3,2,5
2627,5,15,20
2628,1,17,18
2629,3,3,6
2630,9,8,17
2631,16,1,17
2633,1,6,7
2634,0,13,13
2636,4,1,5
2637,6,17,23
2638,1,4,5
2639,4,1,5
2640,1,15,16
2641,5,6,11
2643,3,7,10
2644,4,1,5
2645,9,4,13
2646,5,3,8
2648,7,4,11
2649,5,5,10
2650,0,6,6
2651,5,13,18
2652,3,6,9
2653,3,13,16
2654,13,1,14
2655,0,5,5
2656,15,3,18
2657,1,8,9
2658,13,2,15
2659,1,5,6
2660,3,2,5
2661,3,5,8
2662,11,1,12
2663,7,10,17
2665,4,4,8
2666,6,4,10
2669,0,5,5
2670,10,8,18
2671,0,11,11
2672,0,5,5
2673,2,2,4
2674,3,2,5
2675,3,2,5
2676,3,8,11
2677,9,12,21
2678,12,2,14
2679,3,2,5
2680,12,5,17
2681,2,22,24
2682,1,6,7
2683,9,8,17
2685,0,7,7
2687,0,5,5
2688,1,2,3
2689,14,4,18
2690,14,4,18
2691,4,16,20
2692,1,4,5
2693,9,2,11
2694,2,21,23
2695,1,10,11
2696,8,2,10
2697,2,2,4
2700,1,5,6
2701,2,16,18
2702,0,5,5
2703,21,3,24
2704,11,3,14
2705,3,4,7
2706,6,1,7
2707,8,8,16
2708,14,9,23
2709,1,4,5
2711,9,3,12
2713,6,5,11
2715,1,4,5
2716,10,8,18
2717,4,16,20
2719,5,10,15
2721,3,12,15
2722,1,3,4
2724,4,19,23
2725,2,4,6
2726,0,5,5
2727,4,12,16
2729,18,2,20
2730,9,1,10
2731,5,3,8
2732,5,2,7
2735,12,3,15
2736,0,5,5
2738,2,9,11
2739,12,1,13
2741,7,1,8
2742,5,4,9
2744,10,2,12
2745,3,2,5
2746,1,4,5
2747,4,3,7
2748,3,2,5
2750,18,2,20
2752,1,11,12
2753,7,8,15
2754,11,5,16
2755,2,19,21
2756,3,6,9
2757,11,4,15
2758,3,5,8
2759,5,10,15
2760,8,1,9
2761,4,1,5
2762,8,5,13
2764,10,8,18
2765,2,1,3
2766,2,15,17
2767,2,7,9
2768,11,2,13
2769,2,18,20
2770,17,2,19
2771,1,4,5
2772,1,4,5
2773,0,5,5
2774,6,6,12
2775,7,1,8
2776,1,4,5
2777,13,8,21
2779,5,4,9
2780,10,6,16
2781,0,5,5
2782,7,2,9
2783,10,2,12
2784,0,5,5
2785,11,2,13
2786,0,5,5
2787,0,5,5
2788,7,4,11
2789,9,9,18
2790,5,4,9
2791,18,3,21
2793,13,4,17
2794,6,14,20
2795,6,7,13
2796,4,1,5
2797,4,3,7
2798,11,7,18
2799,1,6,7
2800,0,5,5
2801,0,6,6
2802,6,9,15
2803,14,3,17
2804,14,2,16
2807,18,3,21
2809,16,2,18
2810,0,5,5
2811,7,5,12
2812,9,4,13
2813,3,2,5
2814,4,2,6
2815,4,1,5
2816,6,9,15
2817,5,12,17
2818,4,2,6
2819,4,15,19
2820,3,11,14
2821,1,14,15
2822,1,19,20
2823,3,3,6
2824,2,3,5
2826,1,4,5
2827,12,6,18
2828,1,8,9
2829,8,4,12
2830,5,11,16
2831,5,5,10
2832,7,5,12
2833,5,5,10
2834,18,4,22
2836,5,3,8
2837,1,18,19
2838,8,4,12
2839,2,3,5
2840,4,15,19
2841,3,21,24
2842,11,2,13
2843,4,6,10
2844,3,4,7
2845,3,7,10
2846,3,3,6
2847,2,13,15
2848,6,5,11
2849,5,9,14
2850,0,4,4
2851,8,9,17
2852,7,4,11
2853,4,11,15
2854,0,5,5
2856,1,4,5
2857,0,5,5
2858,5,5,10
2859,13,3,16
2860,10,7,17
2861,5,1,6
2862,5,15,20
2863,2,3,5
2864,4,2,6
2865,16,3,19
2866,3,5,8
2867,1,14,15
2868,4,7,11
2869,10,2,12
2870,7,9,16
2871,4,16,20
2872,7,9,16
2873,0,7,7
2875,7,7,14
2876,0,5,5
2877,2,3,5
2878,2,12,14
2879,8,1,9
2880,2,15,17
2881,1,4,5
2882,5,10,15
2883,6,1,7
2884,1,6,7
2885,21,3,24
2886,0,11,11
2887,5,8,13
2888,2,3,5
2889,1,14,15
2891,10,2,12
2892,10,11,21
2893,7,8,15
2894,17,2,19
2896,0,5,5
2897,2,3,5
2898,5,2,7
2899,4,7,11
2900,4,4,8
2901,2,5,7
2902,1,4,5
2903,0,3,3
2904,3,13,16
2907,0,5,5
2908,9,4,13
2909,0,8,8
2910,3,4,7
2912,10,3,13
2913,4,9,13
2914,6,11,17
2915,3,11,14
2916,0,6,6
2917,5,6,11
2918,12,2,14
2919,8,1,9
2920,4,1,5
2921,2,3,5
2922,4,1,5
2923,1,9,10
2924,1,4,5
2926,3,5,8
2927,15,4,19
2928,14,3,17
2929,8,2,10
2932,4,1,5
2933,1,5,6
2934,2,9,11
2935,6,8,14
2937,2,3,5
2938,7,10,17
2939,12,3,15
2940,5,13,18
2941,7,3,10
2942,11,13,24
2943,10,3,13
2945,5,6,11
2946,6,8,14
2947,7,8,15
2948,12,5,17
2950,12,2,14
2951,6,18,24
2952,7,1,8
2954,7,8,15
2955,2,17,19
2956,3,7,10
2958,1,5,6
2959,4,15,19
2960,7,5,12
2961,9,2,11
2962,18,3,21
2963,4,1,5
2964,2,22,24
2965,5,10,15
2966,3,13,16
2967,6,1,7
2968,11,7,18
2969,4,7,11
2970,1,14,15
2972,10,10,20
2974,8,16,24
2975,15,7,22
2976,6,10,16
2977,3,6,9
2978,4,15,19
2979,6,9,15
2980,10,3,13
2981,1,4,5
2982,4,9,13
2983,5,7,12
2985,2,14,16
2986,1,7,8
2987,11,10,21
2988,17,3,20
2989,11,3,14
2990,1,6,7
2991,13,2,15
2992,7,10,17
2993,5,6,11
2994,9,10,19
2995,13,10,23
2996,1,18,19
2997,3,3,6
2998,4,11,15
2999,5,9,14
3000,5,15,20
3001,3,7,10
3002,0,8,8
3003,5,9,14
3004,4,1,5
3005,10,1,11
3006,16,3,19
3007,3,11,14
3008,0,6,6
3009,11,12,23
3010,1,4,5
3011,17,6,23
3012,6,7,13
3013,0,8,8
3016,1,6,7
3018,3,5,8
3019,6,7,13
3020,2,3,5
3021,9,15,24
3023,0,17,17
3025,4,7,11
3026,13,1,14
3027,1,6,7
3028,1,4,5
3029,1,4,5
3031,13,2,15
3032,3,5,8
3033,8,8,16
3034,1,11,12
3035,9,1,10
3036,0,8,8
3037,1,12,13
3038,9,1,10
3039,1,2,3
3040,5,17,22
3041,0,8,8
3043,0,15,15
3045,2,3,5
3046,8,7,15
3048,11,8,19
3049,4,1,5
3050,4,1,5
3051,0,5,5
3052,14,4,18
3053,6,4,10
3054,0,6,6
3055,3,10,13
3056,3,9,12
3057,4,11,15
3058,5,12,17
3059,6,12,18
3060,18,2,20
3062,12,3,15
3063,11,6,17
3064,1,1,2
3065,5,13,18
3067,5,10,15
3068,10,7,17
3069,11,10,21
3070,9,8,17
3071,2,3,5
3072,7,12,19
3073,13,10,23
3074,2,12,14
3075,7,4,11
3076,1,4,5
3078,4,2,6
3079,1,4,5
3080,0,5,5
3082,8,6,14
3083,4,8,12
3084,2,5,7
3085,3,2,5
3086,3,3,6
3087,1,4,5
3088,10,7,17
3090,6,5,11
3091,7,14,21
3092,3,2,5
3093,6,5,11
3094,3,13,16
3095,8,5,13
3096,2,11,13
3097,5,17,22
3098,2,7,9
3099,4,4,8
3100,1,5,6
3101,2,12,14
3102,2,4,6
3103,6,13,19
3104,4,1,5
3105,9,5,14
3106,1,4,5
3107,6,9,15
3108,4,5,9
3110,3,6,9
3111,3,2,5
3112,21,3,24
3113,9,9,18
3114,10,2,12
3115,3,2,5
3116,8,9,17
3117,2,4,6
3118,2,4,6
3119,1,14,15
3120,4,20,24
3121,1,8,9
3122,4,8,12
3123,2,19,21
3124,1,17,18
3125,1,4,5
3127,4,1,5
3128,10,3,13
3129,14,3,17
3130,5,9,14
3131,4,1,5
3132,2,12,14
3133,3,2,5
3134,9,10,19
3135,4,9,13
3136,4,4,8
3137,10,6,16
3138,4,1,5
3139,0,5,5
3141,8,12,20
3142,6,2,8
3143,3,3,6
3144,12,11,23
3146,10,2,12
3147,4,1,5
3148,9,2,11
3150,5,3,8
3151,9,1,10
3152,0,9,9
3153,6,4,10
3154,0,7,7
3155,2,17,19
3156,9,8,17
3157,7,4,11
3158,5,10,15
3159,6,11,17
3160,6,14,20
3161,1,4,5
3163,11,1,12
3164,17,7,24
3165,2,21,23
3167,7,1,8
3168,2,18,20
3169,0,10,10
3171,5,3,8
3173,11,11,22
3174,1,3,4
3176,1,17,18
3177,0,3,3
3178,5,4,9
3179,3,7,10
3180,10,6,16
3181,4,6,10
3182,4,3,7
3183,4,7,11
3184,0,7,7
3185,1,7,8
3186,5,2,7
3187,13,4,17
3188,8,16,24
3189,6,3,9
3190,12,9,21
3191,7,9,16
3192,5,7,12
3193,12,1,13
3194,11,6,17
3195,1,11,12
3196,3,4,7
3197,9,5,14
3198,1,7,8
3199,0,8,8
3201,1,22,23
3202,5,1,6
3203,16,2,18
3204,5,7,12
3205,4,10,14
3206,2,12,14
3207,4,12,16
3208,1,6,7
3209,5,3,8
3210,4,1,5
3212,3,6,9
3213,3,5,8
3214,2,3,5
3215,7,3,10
3216,19,3,22
3217,4,7,11
3218,7,6,13
3219,18,3,21
3220,0,5,5
3221,2,3,5
3222,0,9,9
3223,1,5,6
3224,5,2,7
3225,8,1,9
3229,11,12,23
3230,2,2,4
3231,5,2,7
3233,3,2,5
3234,2,5,7
3235,10,3,13
3237,3,2,5
3238,1,5,6
3239,3,2,5
3241,17,7,24
3243,6,1,7
3244,1,13,14
3245,2,3,5
3246,0,5,5
3247,0,6,6
3248,6,8,14
3250,8,7,15
3251,12,5,17
3252,2,19,21
3253,2,4,6
3254,2,3,5
3255,6,16,22
3256,7,16,23
3257,1,17,18
3258,9,2,11
3259,2,3,5
3262,4,5,9
3264,12,2,14
3266,5,4,9
3267,9,10,19
3268,19,4,23
3269,0,5,5
3270,9,8,17
3271,1,4,5
3273,6,5,11
3274,13,2,15
3275,8,7,15
3278,0,5,5
3279,6,2,8
3281,0,4,4
3282,4,20,24
3283,9,5,14
3284,4,3,7
3285,2,3,5
3286,0,7,7
3287,8,4,12
3289,1,15,16
3290,2,3,5
3292,11,2,13
3293,2,18,20
3294,4,7,11
3295,5,2,7
3296,1,10,11
3298,4,2,6
3299,1,4,5
3300,3,1,4
3301,13,2,15
3302,0,5,5
3303,10,7,17
3304,5,9,14
3306,3,7,10
3307,7,4,11
3308,1,4,5
3311,13,5,18
3313,4,12,16
3315,1,4,5
3316,5,12,17
3317,3,3,6
3318,4,1,5
3319,4,2,6
3320,6,8,14
3321,3,2,5
3322,2,19,21
3324,0,5,5
3325,4,4,8
3326,12,2,14
3327,4,1,5
3328,5,13,18
3329,4,4,8
3330,5,1,6
3331,13,2,15
3333,1,5,6
3334,1,10,11
3335,5,4,9
3336,2,6,8
3338,7,13,20
3339,3,6,9
3340,1,15,16
3341,6,3,9
3342,2,21,23
3343,5,8,13
3344,5,2,7
3345,1,6,7
3346,1,4,5
3347,10,11,21
3348,1,6,7
3349,3,2,5
3350,10,13,23
3351,3,2,5
3352,4,1,5
3354,4,20,24
3355,4,1,5
3356,2,3,5
3358,13,6,19
3359,3,9,12
3360,6,2,8
3361,0,6,6
3362,7,16,23
3363,8,11,19
3364,2,3,5
3365,7,15,22
3366,11,3,14
3367,5,1,6
3368,1,4,5
3369,0,5,5
3370,2,3,5
3371,2,3,5
3372,15,6,21
3373,2,3,5
3374,8,12,20
3375,4,5,9
3376,7,11,18
3377,2,3,5
3378,14,10,24
3379,6,2,8
3380,4,5,9
3381,2,6,8
3382,9,6,15
3383,8,1,9
3385,6,3,9
3386,1,21,22
3387,6,9,15
3388,0,11,11
3389,2,3,5
3390,8,5,13
3391,7,4,11
3392,11,2,13
3394,4,7,11
3395,2,13,15
3396,5,2,7
3397,15,2,17
3398,3,5,8
3399,1,9,10
3401,10,6,16
3402,11,7,18
3404,14,7,21
3407,9,10,19
3408,5,12,17
3409,0,8,8
3410,7,2,9
3412,7,5,12
3413,1,14,15
3414,14,1,15
3415,1,6,7
3416,4,9,13
3417,5,2,7
3418,2,10,12
3419,4,4,8
3420,1,6,7
3421,1,5,6
3423,2,7,9
3424,6,3,9
3425,4,9,13
3426,2,3,5
3427,1,4,5
3428,2,4,6
3429,18,5,23
3430,3,2,5
3431,3,12,15
3432,4,4,8
3433,7,1,8
3434,1,9,10
3435,4,20,24
3436,9,3,12
3438,0,8,8
3439,4,7,11
3440,3,2,5
3442,5,12,17
3445,12,10,22
3446,6,9,15
3447,11,5,16
3448,1,4,5
3449,1,4,5
3450,0,8,8
3452,4,1,5
3453,15,8,23
3454,21,3,24
3455,1,13,14
3456,3,2,5
3457,3,8,11
3458,18,5,23
3459,11,6,17
3460,2,11,13
3461,9,2,11
3462,11,11,22
3463,1,8,9
3464,3,2,5
3465,5,5,10
3468,13,3,16
3469,1,6,7
3470,3,2,5
3471,11,2,13
3472,2,7,9
3474,7,4,11
3475,2,3,5
3476,22,2,24
3477,4,2,6
3478,1,4,5
3479,15,4,19
3480,6,18,24
3481,0,12,12
3482,12,6,18
3483,4,1,5
3484,0,7,7
3485,13,4,17
3486,3,4,7
3487,9,5,14
3488,13,7,20
3489,20,2,22
3490,13,2,15
3491,1,6,7
3492,6,11,17
3493,9,14,23
3494,6,6,12
3495,11,1,12
3497,0,7,7
3498,8,7,15
3499,0,5,5
3500,12,1,13
3501,4,1,5
3502,6,13,19
3503,0,13,13
3504,6,7,13
3505,2,3,5
3506,12,2,14
3508,3,2,5
3509,2,3,5
3510,7,8,15
3511,12,5,17
3512,20,3,23
3513,4,1,5
3515,4,7,11
3516,9,8,17
3517,3,3,6
3519,4,2,6
3520,2,3,5
3521,6,5,11
3522,4,5,9
3523,15,4,19
3524,0,7,7
3525,3,6,9
3526,6,13,19
3527,2,8,10
3528,13,8,21
3529,5,2,7
3530,4,2,6
3531,1,7,8
3532,10,4,14
3534,6,5,11
3535,7,5,12
3536,12,10,22
3537,9,2,11
3538,8,3,11
3539,1,6,7
3540,4,1,5
3542,2,10,12
3543,19,3,22
3544,15,6,21
3545,10,14,24
3546,0,8,8
3547,5,6,11
3548,11,2,13
3550,0,8,8
3552,3,10,13
3554,6,2,8
3555,3,10,13
3556,9,10,19
3557,9,4,13
3558,3,3,6
3559,3,2,5
3561,12,4,16
3562,11,2,13
3564,7,1,8
3565,2,8,10
3566,1,5,6
3567,6,6,12
3568,5,1,6
3569,3,7,10
3572,5,15,20
3573,3,2,5
3574,10,10,20
3575,4,10,14
3576,0,10,10
3578,6,8,14
3579,1,9,10
3580,4,5,9
3581,13,2,15
3583,3,2,5
3584,2,7,9
3585,14,2,16
3586,9,10,19
3587,12,12,24
3589,8,4,12
3590,2,3,5
3592,6,17,23
3593,15,2,17
3594,2,3,5
3595,8,14,22
3596,10,4,14
3597,3,2,5
3598,3,17,20
3599,3,5,8
3601,9,13,22
3602,3,15,18
3603,0,5,5
3605,4,5,9
3606,2,14,16
3608,6,15,21
3609,4,1,5
3610,4,3,7
3611,12,6,18
3612,9,12,21
3613,7,5,12
3614,6,5,11
3615,8,5,13
3616,4,3,7
3617,0,9,9
3618,1,11,12
3620,7,1,8
3621,7,5,12
3622,3,8,11
3623,0,7,7
3625,6,2,8
3626,6,1,7
3627,0,11,11
3628,8,1,9
3629,19,3,22
3630,2,3,5
3631,3,10,13
3632,4,1,5
3633,1,10,11
3634,0,5,5
3635,9,1,10
3636,6,10,16
3637,13,9,22
3638,1,4,5
3639,4,3,7
3640,1,6,7
3641,0,5,5
3642,0,3,3
3643,2,7,9
3644,0,6,6
3645,9,9,18
3646,5,4,9
3648,4,14,18
3649,12,5,17
3650,5,4,9
3651,6,10,16
3652,7,8,15
3653,1,14,15
3654,2,8,10
3655,3,2,5
3656,0,5,5
3657,0,8,8
3658,4,15,19
3661,6,3,9
3663,1,4,5
3664,10,13,23
3665,2,9,11
3666,18,6,24
3668,2,3,5
3669,1,7,8
3670,8,1,9
3671,0,5,5
3672,1,6,7
3673,5,2,7
3674,4,1,5
3675,5,11,16
3676,10,4,14
3677,3,2,5
3678,1,4,5
3680,6,1,7
3681,4,5,9
3682,5,8,13
3683,9,1,10
3684,14,4,18
3685,5,10,15
3686,0,3,3
3687,0,5,5
3688,4,1,5
3690,2,3,5
3692,4,1,5
3693,1,23,24
3694,3,2,5
3695,7,4,11
3696,16,4,20
3698,6,2,8
3700,2,3,5
3701,2,3,5
3702,5,9,14
3703,17,5,22
3704,6,1,7
3705,2,3,5
3706,1,20,21
3707,2,5,7
3708,15,2,17
3709,10,5,15
3710,11,5,16
3711,0,8,8
3712,1,4,5
3714,4,12,16
3715,5,5,10
3716,6,3,9
3717,1,5,6
3718,1,13,14
3720,11,7,18
3722,10,13,23
3724,10,12,22
3725,5,11,16
3726,6,4,10
3727,4,1,5
3728,6,15,21
3729,11,10,21
3731,9,7,16
3732,2,4,6
3734,4,13,17
3736,12,5,17
3737,5,3,8
3738,8,8,16
3739,4,1,5
3740,4,17,21
3743,5,3,8
3744,3,5,8
3745,1,9,10
3746,14,7,21
3747,1,10,11
3748,1,3,4
3749,5,11,16
3750,2,3,5
3751,3,6,9
3752,6,10,16
3753,1,4,5
3755,1,18,19
3757,4,1,5
3758,13,1,14
3759,4,1,5
3760,11,2,13
3762,6,4,10
3763,1,12,13
3764,12,7,19
3765,4,16,20
3766,6,12,18
3767,7,6,13
3768,16,5,21
3769,3,2,5
3770,4,1,5
3771,14,3,17
3772,1,4,5
3773,3,2,5
3775,1,14,15
3776,16,8,24
3777,1,8,9
3778,1,11,12
3779,7,12,19
3781,13,2,15
3782,2,3,5
3783,9,5,14
3785,7,3,10
3786,1,4,5
3787,6,6,12
3788,9,2,11
3789,7,2,9
3790,15,4,19
3792,9,2,11
3793,1,4,5
3794,20,3,23
3795,0,5,5
3796,8,1,9
3798,14,6,20
3799,4,2,6
3800,0,14,14
3801,5,8,13
3802,8,2,10
3803,5,9,14
3804,1,12,13
3805,2,21,23
3806,11,3,14
3807,0,13,13
3808,11,5,16
3809,20,2,22
3810,22,2,24
3811,7,7,14
3812,4,2,6
3814,1,4,5
3815,4,13,17
3816,2,10,12
3817,1,10,11
3818,14,4,18
3819,5,9,14
3820,8,4,12
3821,11,6,17
3822,3,2,5
3823,1,17,18
3824,11,2,13
3827,7,9,16
3828,2,5,7
3829,16,2,18
3830,3,2,5
3831,0,5,5
3832,15,5,20
3833,3,19,22
3834,8,6,14
3835,6,2,8
3836,8,3,11
3837,12,7,19
3839,6,13,19
3840,2,13,15
3841,5,5,10
3842,5,6,11
3843,1,15,16
3844,11,5,16
3846,0,5,5
3847,2,15,17
3848,3,6,9
3849,0,5,5
3850,1,3,4
3851,7,9,16
3852,6,16,22
3853,1,7,8
3854,10,2,12
3855,3,11,14
3856,6,14,20
3857,5,4,9
3858,0,5,5
3859,0,6,6
3860,4,1,5
3861,0,3,3
3862,11,3,14
3863,2,3,5
3864,3,8,11
3865,3,3,6
3866,3,2,5
3868,5,3,8
3869,6,3,9
3870,5,18,23
3871,6,6,12
3872,2,19,21
3873,10,13,23
3874,2,6,8
3875,0,6,6
3876,14,9,23
3877,3,2,5
3878,3,5,8
3879,0,10,10
3880,1,12,13
3881,0,7,7
3882,5,11,16
3883,0,8,8
3884,2,6,8
3885,10,3,13
3886,2,22,24
3887,0,5,5
3888,1,4,5
3889,1,4,5
3890,7,7,14
3891,0,3,3
3892,4,1,5
3893,10,8,18
3894,9,9,18
3895,4,1,5
3896,1,4,5
3897,1,16,17
3898,3,2,5
3899,0,12,12
3901,1,4,5
3902,0,9,9
3903,4,1,5
3904,12,2,14
3906,4,6,10
3907,1,4,5
3908,2,8,10
3910,5,3,8
3911,1,12,13
3912,2,10,12
3913,2,12,14
3914,7,7,14
3916,4,1,5
3917,2,17,19
3918,1,9,10
3919,3,2,5
3920,2,21,23
3921,0,5,5
3922,4,5,9
3923,1,4,5
3926,10,6,16
3927,2,4,6
3928,16,7,23
3929,7,4,11
3930,0,1,1
3931,6,11,17
3932,2,18,20
3933,12,2,14
3934,7,2,9
3935,8,10,18
3936,4,3,7
3937,0,13,13
3938,3,1,4
3939,0,5,5
3940,1,10,11
3942,11,2,13
3943,5,11,16
3944,2,11,13
3945,1,4,5
3946,3,7,10
3947,2,17,19
3948,2,3,5
3949,18,4,22
3951,17,4,21
3952,10,1,11
3953,1,13,14
3954,8,2,10
3955,9,10,19
3956,15,6,21
3957,10,11,21
3958,4,11,15
3959,7,11,18
3960,7,5,12
3961,0,5,5
3962,3,2,5
3963,3,2,5
3964,2,3,5
3965,0,7,7
3967,5,1,6
3969,1,4,5
3971,11,2,13
3972,12,4,16
3973,6,10,16
3974,13,10,23
3975,4,3,7
3977,6,9,15
3978,7,2,9
3979,4,1,5
3980,3,8,11
3981,10,4,14
3983,6,5,11
3984,2,7,9
3985,3,5,8
3986,1,4,5
3987,3,2,5
3990,1,15,16
3991,2,3,5
3992,6,6,12
3993,0,5,5
3994,4,1,5
3995,2,3,5
3996,1,9,10
3997,10,1,11
3998,3,2,5
3999,1,4,5
4000,14,7,21
4001,7,3,10
4002,1,12,13
4003,4,8,12
4004,4,17,21
4005,4,10,14
4006,6,7,13
4007,0,8,8
4008,3,2,5
4009,2,2,4
4010,8,2,10
4011,0,8,8
4012,9,2,11
4014,4,3,7
4015,20,1,21
4016,3,12,15
4017,3,2,5
4018,7,7,14
4019,3,6,9
4020,1,4,5
4021,10,8,18
4022,4,1,5
4023,1,6,7
4025,5,5,10
4026,14,2,16
4027,6,10,16
4028,1,4,5
4029,7,5,12
4031,10,4,14
4032,1,4,5
4033,5,2,7
4034,0,5,5
4035,7,1,8
4036,10,4,14
4037,2,5,7
4039,1,8,9
4040,9,5,14
4042,9,3,12
4043,3,12,15
4044,2,3,5
4045,11,7,18
4046,5,3,8
4047,3,6,9
4048,4,1,5
4049,8,15,23
4051,5,16,21
4052,9,15,24
4053,7,1,8
4056,1,7,8
4058,0,3,3
4059,9,3,12
4060,5,3,8
4061,2,3,5
4062,3,2,5
4063,14,7,21
4064,3,8,11
4065,2,7,9
4067,3,6,9
4068,2,5,7
4069,10,4,14
4071,1,11,12
4072,1,10,11
4075,4,1,5
4077,0,12,12
4079,5,4,9
4080,3,6,9
4081,13,8,21
4082,2,12,14
4083,13,10,23
4085,3,2,5
4086,4,8,12
4087,2,19,21
4089,2,5,7
4090,4,15,19
4093,2,6,8
4094,1,4,5
4095,2,14,16
4096,14,2,16
4097,9,8,17
4099,3,2,5
4100,5,1,6
4101,2,5,7
4102,1,2,3
4103,3,2,5
4104,13,2,15
4105,3,2,5
4106,6,2,8
4108,15,9,24
4109,4,1,5
4110,0,5,5
4113,3,17,20
4114,4,1,5
4115,3,5,8
4116,2,8,10
4117,8,10,18
4118,12,4,16
4119,1,6,7
4120,5,8,13
4121,4,2,6
4122,1,14,15
4124,18,3,21
4126,4,2,6
4127,1,5,6
4128,14,7,21
4129,1,9,10
4131,4,7,11
4132,15,2,17
4133,4,3,7
4134,6,7,13
4135,8,6,14
4137,4,1,5
4138,8,5,13
4140,2,21,23
4141,11,2,13
4142,15,4,19
4143,7,1,8
4144,13,3,16
4145,15,2,17
4146,1,4,5
4147,11,7,18
4148,11,4,15
4149,8,1,9
4150,3,2,5
4151,16,3,19
4153,10,12,22
4155,2,3,5
4156,2,3,5
4157,12,2,14
4158,8,5,13
4159,12,8,20
4161,2,3,5
4162,1,9,10
4163,7,5,12
4164,13,8,21
4165,2,18,20
4166,4,8,12
4167,9,7,16
4168,3,2,5
4169,7,4,11
4170,2,21,23
4171,1,13,14
4172,7,1,8
4173,0,5,5
4174,4,10,14
4175,2,3,5
4176,6,3,9
4177,3,2,5
4178,6,4,10
4179,2,18,20
4181,3,2,5
4182,12,1,13
4183,4,5,9
4184,7,4,11
4185,13,9,22
4186,0,2,2
4187,6,11,17
4188,4,3,7
4190,8,8,16
4191,11,1,12
4192,15,8,23
4193,19,3,22
4194,9,10,19
4195,10,8,18
4196,3,3,6
4198,4,2,6
4199,6,4,10
4200,0,6,6
4201,3,3,6
4202,0,6,6
4203,3,2,5
4204,4,14,18
4205,3,4,7
4206,10,2,12
4207,15,2,17
4208,4,4,8
4211,4,1,5
4212,2,3,5
4213,16,7,23
4214,11,3,14
4215,2,17,19
4216,3,2,5
4217,11,6,17
4219,5,10,15
4220,7,10,17
4221,3,2,5
4222,10,3,13
4223,0,10,10
4224,3,5,8
4226,4,6,10
4227,2,20,22
4228,4,1,5
4229,5,16,21
4230,4,7,11
4231,5,1,6
4232,3,2,5
4233,4,1,5
4234,3,7,10
4235,4,1,5
4236,1,21,22
4237,12,2,14
4238,4,1,5
4239,2,3,5
4241,10,2,12
4242,9,5,14
4243,0,9,9
4245,0,7,7
4246,4,1,5
4247,9,2,11
4249,0,9,9
4250,4,8,12
4252,6,3,9
4253,8,5,13
4254,7,5,12
4255,0,15,15
4256,11,12,23
4257,4,1,5
4258,5,6,11
4260,2,4,6
4261,8,6,14
4262,1,4,5
4263,3,5,8
4264,2,7,9
4265,0,4,4
4266,3,2,5
4267,2,3,5
4268,2,14,16
4269,4,3,7
4270,18,3,21
4271,6,4,10
4272,0,13,13
4274,4,10,14
4275,1,4,5
4276,15,2,17
4277,16,2,18
4278,1,4,5
4279,4,4,8
4282,6,14,20
4283,1,3,4
4284,1,4,5
4285,2,7,9
4286,5,13,18
4287,7,4,11
4288,2,2,4
4289,6,2,8
4291,2,3,5
4292,7,1,8
4294,18,2,20
4295,0,13,13
4296,12,9,21
4297,5,2,7
4298,1,10,11
4299,7,2,9
4300,0,7,7
4301,3,2,5
4302,1,4,5
4303,5,14,19
4304,4,9,13
4305,0,3,3
4306,3,2,5
4307,6,3,9
4308,5,1,6
4309,9,6,15
4310,4,5,9
4311,14,3,17
4312,3,11,14
4313,2,3,5
4314,18,5,23
4315,1,5,6
4316,5,1,6
4317,2,4,6
4318,2,7,9
4319,11,2,13
4320,3,3,6
4321,4,1,5
4322,8,4,12
4323,19,5,24
4324,15,2,17
4328,1,3,4
4329,13,2,15
4330,9,10,19
4331,0,5,5
4332,3,2,5
4334,18,2,20
4335,0,8,8
4336,1,8,9
4337,8,1,9
4338,0,15,15
4339,14,7,21
4340,3,3,6
4341,1,9,10
4342,10,11,21
4343,6,9,15
4345,16,8,24
4346,1,6,7
4348,0,4,4
4349,12,3,15
4350,3,2,5
4351,3,3,6
4352,1,19,20
4353,4,1,5
4354,2,16,18
4356,1,10,11
4357,2,3,5
4358,5,3,8
4359,1,13,14
4360,1,13,14
4362,7,3,10
4363,20,2,22
4365,5,1,6
4366,15,2,17
4367,8,16,24
4368,2,8,10
4369,15,7,22
4370,0,5,5
4372,2,12,14
4373,3,4,7
4374,1,6,7
4375,3,2,5
4376,11,4,15
4377,4,14,18
4378,1,4,5
4379,5,2,7
4381,16,7,23
4382,7,8,15
4383,3,1,4
4385,10,6,16
4387,1,16,17
4388,2,3,5
4389,1,11,12
4390,2,3,5
4391,6,1,7
4392,1,7,8
4393,2,4,6
4394,19,3,22
4395,16,3,19
4396,3,3,6
4397,3,2,5
4398,1,4,5
4399,15,2,17
4400,3,5,8
4401,7,4,11
4402,3,3,6
4403,0,4,4
4404,12,8,20
4405,5,8,13
4406,14,3,17
4407,17,2,19
4408,7,1,8
4409,2,3,5
4410,1,4,5
4411,0,5,5
4412,3,7,10
4413,6,1,7
4414,3,10,13
4415,10,2,12
4416,6,2,8
4417,9,13,22
4418,18,3,21
4419,0,9,9
4421,12,1,13
4422,1,5,6
4423,17,2,19
4424,9,15,24
4425,2,9,11
4426,2,6,8
4427,6,1,7
4428,0,5,5
4429,3,6,9
4430,14,6,20
4431,13,11,24
4432,6,5,11
4433,10,9,19
4434,4,1,5
4436,4,1,5
4437,13,2,15
4438,3,2,5
4439,1,9,10
4440,1,4,5
4441,4,16,20
4442,1,4,5
4443,1,16,17
4444,8,5,13
4445,5,14,19
4447,3,4,7
4448,2,11,13
4449,4,13,17
4450,6,16,22
4451,4,8,12
4452,4,15,19
4453,2,11,13
4454,2,11,13
4455,1,4,5
4456,4,12,16
4457,3,15,18
4458,7,6,13
4461,3,2,5
4463,2,3,5
4464,12,9,21
4465,10,8,18
4466,6,1,7
4467,1,7,8
4469,3,11,14
4470,3,2,5
4471,9,2,11
4472,3,9,12
4473,14,10,24
4475,5,17,22
4476,6,7,13
4477,13,6,19
4478,0,8,8
4480,12,9,21
4481,0,7,7
4482,2,15,17
4483,4,1,5
4484,6,13,19
4485,3,2,5
4486,3,16,19
4487,12,10,22
4488,6,8,14
4489,4,4,8
4490,5,7,12
4492,2,4,6
4494,0,5,5
4495,2,5,7
4496,5,4,9
4497,0,7,7
4498,5,3,8
4500,4,2,6
4501,12,11,23
4503,0,5,5
4504,4,2,6
4506,3,19,22
4507,1,12,13
4508,1,6,7
4509,12,9,21
4511,0,6,6
4512,6,1,7
4513,3,3,6
4514,0,5,5
4515,1,4,5
4516,1,8,9
4517,0,1,1
4518,2,3,5
4519,13,6,19
4520,1,12,13
4521,4,1,5
4522,1,1,2
4524,9,3,12
4525,4,4,8
4526,2,7,9
4527,0,6,6
4528,11,10,21
4530,4,3,7
4531,11,9,20
4532,0,4,4
4533,0,5,5
4534,9,13,22
4535,2,10,12
4536,8,4,12
4537,3,2,5
4539,11,5,16
4540,8,4,12
4542,10,10,20
4544,2,7,9
4545,4,13,17
4546,14,2,16
4547,3,2,5
4548,10,5,15
4549,4,15,19
4550,1,13,14
4551,1,13,14
4552,0,8,8
4553,11,10,21
4556,12,6,18
4557,1,6,7
4558,3,5,8
4559,6,9,15
4560,0,5,5
4561,18,3,21
4562,6,4,10
4563,0,5,5
4564,8,1,9
4565,4,1,5
4566,0,6,6
4567,9,1,10
4568,0,7,7
4569,1,6,7
4570,9,2,11
4571,1,4,5
4572,9,2,11
4573,3,17,20
4574,21,3,24
4575,1,13,14
4576,7,8,15
4578,8,1,9
4579,15,4,19
4580,3,8,11
4581,1,9,10
4582,5,1,6
4584,18,3,21
4585,1,15,16
4587,11,12,23
4588,5,4,9
4589,15,6,21
4591,1,9,10
4593,4,14,18
4594,10,1,11
4595,3,2,5
4596,7,16,23
4597,2,20,22
4598,2,6,8
4599,10,2,12
4602,2,3,5
4604,3,2,5
4605,6,4,10
4606,9,5,14
4607,1,5,6
4608,8,2,10
4609,10,13,23
4610,11,2,13
4611,7,15,22
4612,6,10,16
4613,7,1,8
4614,8,7,15
4615,2,19,21
4616,17,5,22
4617,13,7,20
4618,2,3,5
4619,0,5,5
4620,0,2,2
4621,1,4,5
4622,1,12,13
4623,2,5,7
4624,3,2,5
4625,16,5,21
4626,7,10,17
4627,3,6,9
4628,1,13,14
4629,0,5,5
4630,1,1,2
4631,0,5,5
4634,9,2,11
4635,3,3,6
4636,10,6,16
4637,12,3,15
4638,1,8,9
4639,2,3,5
4640,2,4,6
4641,7,9,16
4642,6,3,9
4644,17,3,20
4645,4,3,7
4647,5,17,22
4648,0,5,5
4649,2,5,7
4650,2,3,5
4651,4,4,8
4652,1,4,5
4653,13,6,19
4654,18,3,21
4655,16,7,23
4656,9,2,11
4658,4,4,8
4659,19,4,23
4660,8,1,9
4661,6,2,8
4662,1,19,20
4663,2,7,9
4664,0,7,7
4665,6,3,9
4666,1,10,11
4667,11,5,16
4668,1,5,6
4670,2,3,5
4672,1,11,12
4673,0,11,11
4674,0,6,6
4675,14,7,21
4676,3,4,7
4677,3,16,19
4678,6,3,9
4679,4,14,18
4680,3,2,5
4681,10,1,11
4685,1,5,6
4686,4,1,5
4687,2,10,12
4688,2,10,12
4690,1,12,13
4691,0,8,8
4693,1,4,5
4694,4,7,11
4695,3,18,21
4696,14,4,18
4698,4,1,5
4699,11,5,16
4700,1,4,5
4701,1,17,18
4702,3,2,5
4703,0,9,9
4704,3,6,9
4705,9,2,11
4706,8,1,9
4707,4,9,13
4708,5,17,22
4709,12,8,20
4710,11,4,15
4711,4,2,6
4713,6,10,16
4714,4,7,11
4715,1,10,11
4716,3,2,5
4718,10,7,17
4720,5,16,21
4721,0,14,14
4722,3,2,5
4723,9,7,16
4724,2,14,16
4725,4,1,5
4727,8,1,9
4728,6,9,15
4729,3,2,5
4730,9,1,10
4732,4,12,16
4733,10,5,15
4734,3,9,12
4735,6,5,11
4736,3,3,6
4738,9,7,16
4739,4,1,5
4740,1,15,16
4742,1,6,7
4743,1,16,17
4745,16,2,18
4746,12,2,14
4747,4,2,6
4748,2,14,16
4749,2,9,11
4750,4,1,5
4751,2,10,12
4753,1,14,15
4755,1,14,15
4759,8,4,12
4761,11,2,13
4762,3,16,19
4763,3,2,5
4764,1,11,12
4765,5,13,18
4766,13,3,16
4767,2,8,10
4769,5,13,18
4771,3,3,6
4772,4,4,8
4773,6,3,9
4775,9,5,14
4776,16,4,20
4777,3,2,5
4778,1,8,9
4779,7,1,8
4780,3,2,5
4781,0,5,5
4782,5,1,6
4783,5,4,9
4784,8,9,17
4785,0,6,6
4786,5,6,11
4787,18,3,21
4788,14,7,21
4790,1,4,5
4791,0,5,5
4792,0,8,8
4793,15,2,17
4794,12,2,14
4795,4,7,11
4798,3,2,5
4799,1,8,9
4800,12,4,16
4801,3,2,5
4803,3,5,8
4804,3,6,9
4805,6,1,7
4806,10,14,24
4807,4,8,12
4808,17,7,24
4809,5,10,15
4810,0,5,5
4811,10,7,17
4812,10,4,14
4813,3,14,17
4814,1,4,5
4816,0,5,5
4819,0,8,8
4820,4,10,14
4821,1,4,5
4822,7,5,12
4823,2,3,5
4824,1,8,9
4825,4,1,5
4826,1,14,15
4827,2,14,16
4828,2,8,10
4829,0,5,5
4830,5,1,6
4831,8,7,15
4833,1,8,9
4835,2,13,15
4836,1,4,5
4837,0,6,6
4838,1,9,10
4839,5,1,6
4840,13,6,19
4841,9,2,11
4843,6,1,7
4844,1,7,8
4845,8,5,13
4846,5,5,10
4849,5,9,14
4850,10,1,11
4851,4,6,10
4852,8,1,9
4853,5,6,11
4855,2,3,5
4857,3,2,5
4858,4,1,5
4861,10,3,13
4862,4,1,5
4863,3,8,11
4864,0,7,7
4865,2,4,6
4866,7,7,14
4867,4,1,5
4868,14,7,21
4869,1,4,5
4871,1,9,10
4872,1,11,12
4873,7,8,15
4874,10,6,16
4875,7,5,12
4876,0,6,6
4877,0,10,10
4878,0,5,5
4879,1,4,5
4880,5,9,14
4881,7,11,18
4882,7,5,12
4883,6,7,13
4884,6,9,15
4886,18,3,21
4887,9,6,15
4888,2,3,5
4890,7,3,10
4891,1,5,6
4892,7,9,16
4893,1,4,5
4894,5,3,8
4895,5,3,8
4896,14,5,19
4897,4,7,11
4898,2,1,3
4900,4,5,9
4901,2,3,5
4902,6,6,12
4903,5,2,7
4904,8,3,11
4905,3,7,10
4906,0,5,5
4907,17,5,22
4908,10,10,20
4909,2,7,9
4911,1,10,11
4912,2,5,7
4913,5,7,12
4914,3,2,5
4915,3,2,5
4916,16,6,22
4917,4,17,21
4918,4,8,12
4919,1,4,5
4920,6,16,22
4921,2,2,4
4922,3,2,5
4923,5,6,11
4924,2,3,5
4925,0,5,5
4926,1,9,10
4928,0,5,5
4929,9,2,11
4931,6,13,19
4932,6,5,11
4933,8,5,13
4934,10,2,12
4935,2,14,16
4936,3,2,5
4937,6,5,11
4938,10,4,14
4940,6,4,10
4941,12,12,24
4942,11,6,17
4943,2,19,21
4944,3,7,10
4946,4,4,8
4947,1,5,6
4948,3,2,5
4949,13,4,17
4950,2,10,12
4951,8,7,15
4952,2,15,17
4953,5,5,10
4954,1,4,5
4955,7,9,16
4956,1,4,5
4957,9,3,12
4958,13,6,19
4959,7,2,9
4961,4,1,5
4962,5,15,20
4963,16,2,18
4965,7,10,17
4966,0,3,3
4967,4,8,12
4968,11,8,19
4969,0,2,2
4970,11,13,24
4971,0,5,5
4972,2,3,5
4973,13,2,15
4974,0,6,6
4975,5,2,7
4977,2,3,5
4978,5,2,7
4979,4,1,5
4980,1,15,16
4981,15,6,21
4982,4,1,5
4983,2,3,5
4984,12,10,22
4985,9,1,10
4986,3,12,15
4987,17,3,20
4989,2,16,18
4990,2,15,17
4991,1,4,5
4992,3,8,11
4993,2,3,5
4994,18,3,21
4995,5,16,21
4996,13,6,19
4998,0,6,6
4999,5,1,6
5001,6,10,16
5002,9,1,10
5003,14,2,16
5004,7,6,13
5005,15,5,20
5006,10,5,15
5007,2,19,21
5008,3,10,13
5009,11,11,22
5011,7,3,10
5013,1,4,5
5014,1,9,10
5017,10,2,12
5018,12,4,16
5019,2,3,5
5021,16,3,19
5022,7,8,15
5025,7,5,12
5026,12,2,14
5027,0,8,8
5028,17,3,20
5029,2,8,10
5030,8,1,9
5031,1,4,5
5032,3,2,5
5033,12,11,23
5034,2,3,5
5035,2,3,5
5037,5,5,10
5038,2,5,7
5039,6,14,20
5040,2,3,5
5041,4,8,12
5043,5,11,16
5044,3,2,5
5048,9,5,14
5049,17,4,21
5050,1,20,21
5051,4,12,16
5052,3,7,10
5053,1,13,14
5055,9,7,16
5056,1,6,7
5057,6,14,20
5059,7,1,8
5060,4,1,5
5061,2,19,21
5062,2,3,5
5063,0,7,7
5064,7,4,11
5065,0,9,9
5066,4,6,10
5067,2,14,16
5068,7,15,22
5069,2,3,5
5070,4,1,5
5072,0,13,13
5074,3,2,5
5076,2,3,5
5077,3,1,4
5078,1,4,5
5081,7,7,14
5082,1,6,7
5083,5,4,9
5084,3,2,5
5085,13,8,21
5086,4,14,18
5087,1,6,7
5089,4,15,19
5090,9,5,14
5091,9,1,10
5093,2,6,8
5094,2,9,11
5095,7,12,19
5096,5,5,10
5097,20,3,23
5099,1,5,6
5101,0,2,2
5102,3,2,5
5103,4,1,5
5104,1,6,7
5105,1,4,5
5106,3,4,7
5107,0,9,9
5108,1,4,5
5109,11,9,20
5110,14,4,18
5112,4,4,8
5114,2,3,5
5115,2,3,5
5116,9,1,10
5117,4,1,5
5118,5,8,13
5119,3,8,11
5120,12,10,22
5121,4,1,5
5122,9,15,24
5123,0,6,6
5126,0,5,5
5127,6,2,8
5128,9,2,11
5129,13,2,15
5130,7,4,11
5131,13,2,15
5134,5,3,8
5135,4,1,5
5136,1,4,5
5137,2,5,7
5138,0,5,5
5139,3,10,13
5140,9,2,11
5141,1,14,15
5142,13,9,22
5143,4,1,5
5144,7,5,12
5145,5,3,8
5146,5,3,8
5148,9,9,18
5149,2,11,13
5150,2,19,21
5152,7,1,8
5153,3,5,8
5155,15,4,19
5156,0,5,5
5158,2,3,5
5159,9,2,11
5160,0,5,5
5161,4,16,20
5163,4,5,9
5164,0,8,8
5165,12,3,15
5167,6,9,15
5168,0,13,13
5170,1,17,18
5171,1,4,5
5173,1,4,5
5174,19,3,22
5176,13,2,15
5178,9,9,18
5179,9,5,14
5182,2,22,24
5183,8,6,14
5185,7,6,13
5186,9,11,20
5187,7,8,15
5188,3,4,7
5189,2,5,7
5190,4,1,5
5191,8,4,12
5192,6,1,7
5193,12,5,17
5195,13,5,18
5196,5,5,10
5198,4,4,8
5199,3,3,6
5200,1,10,11
5202,10,1,11
5203,16,5,21
5204,13,9,22
5205,6,4,10
5206,2,3,5
5207,2,8,10
5209,17,1,18
5210,3,15,18
5211,13,2,15
5212,17,2,19
5213,2,3,5
5214,2,14,16
5215,7,7,14
5216,10,3,13
5217,7,6,13
5218,4,1,5
5220,1,14,15
5222,1,4,5
5223,7,1,8
5225,4,1,5
5226,4,1,5
5227,4,1,5
5228,4,13,17
5229,1,5,6
5230,4,1,5
5231,3,2,5
5232,12,5,17
5233,4,4,8
5234,5,6,11
5235,6,8,14
5237,4,1,5
5238,0,5,5
5239,11,2,13
5240,1,4,5
5241,4,1,5
5242,5,2,7
5243,6,10,16
5244,1,18,19
5245,3,6,9
5248,16,2,18
5249,10,12,22
5250,6,10,16
5251,9,8,17
5252,1,4,5
5253,12,2,14
5254,8,1,9
5255,3,9,12
5256,10,7,17
5257,3,2,5
5258,0,8,8
5259,3,2,5
5261,7,2,9
5262,6,12,18
5263,1,4,5
5264,1,9,10
5265,2,3,5
5266,14,9,23
5267,1,4,5
5268,6,1,7
5269,14,10,24
5270,4,4,8
5272,0,5,5
5273,2,4,6
5274,17,7,24
5275,6,11,17
5276,15,2,17
5277,4,1,5
5278,5,9,14
5279,1,9,10
5281,4,1,5
5283,3,2,5
5284,3,4,7
5285,13,2,15
5287,3,8,11
5288,11,8,19
5289,11,1,12
5290,22,2,24
5291,1,4,5
5292,3,3,6
5293,3,5,8
5294,10,5,15
5295,1,11,12
5296,5,7,12
5297,0,12,12
5298,0,4,4
5300,12,10,22
5301,4,1,5
5302,0,5,5
5303,2,3,5
5304,6,2,8
5305,0,6,6
5306,5,5,10
5307,14,4,18
5308,2,12,14
5309,0,5,5
5310,6,16,22
5311,9,4,13
5312,10,6,16
5313,19,3,22
5314,4,12,16
5315,1,8,9
5316,17,2,19
5318,0,5,5
5320,22,2,24
5321,9,5,14
5322,7,5,12
5323,0,5,5
5324,1,14,15
5325,4,2,6
5326,14,4,18
5327,1,9,10
5329,1,10,11
5331,2,3,5
5332,1,5,6
5333,0,8,8
5334,2,8,10
5335,11,7,18
5336,7,1,8
5337,3,6,9
5338,1,11,12
5339,7,9,16
5340,4,1,5
5341,2,16,18
5344,0,5,5
5345,2,18,20
5346,2,4,6
5347,2,3,5
5348,3,2,5
5349,2,4,6
5350,2,4,6
5351,4,1,5
5352,12,5,17
5353,4,1,5
5354,10,5,15
5355,7,8,15
5356,13,6,19
5357,18,3,21
5358,3,14,17
5359,2,3,5
5360,4,1,5
5362,2,8,10
5363,10,6,16
5364,14,2,16
5365,1,10,11
5366,4,12,16
5367,1,4,5
5370,2,14,16
5371,17,2,19
5372,5,2,7
5373,4,16,20
5374,4,1,5
5375,7,8,15
5376,0,4,4
5379,2,3,5
5380,5,2,7
5381,4,4,8
5382,0,5,5
5383,0,5,5
5384,3,5,8
5385,5,4,9
5386,12,6,18
5387,2,3,5
5388,6,1,7
5389,1,5,6
5390,1,16,17
5392,8,2,10
5393,0,8,8
5394,1,4,5
5396,1,4,5
5397,1,12,13
5399,6,6,12
5400,13,6,19
5401,1,8,9
5402,4,3,7
5403,4,1,5
5404,0,11,11
5406,4,3,7
5408,12,12,24
5409,9,7,16
5410,15,7,22
5411,4,5,9
5412,3,5,8
5413,10,10,20
5414,8,1,9
5415,5,3,8
5416,6,2,8
5417,2,3,5
5418,1,16,17
5420,5,4,9
5422,3,2,5
5423,6,5,11
5424,10,8,18
5425,14,3,17
5426,7,4,11
5427,3,8,11
5428,0,5,5
5429,2,8,10
5430,4,1,5
5431,16,7,23
5432,2,3,5
5433,3,6,9
5434,3,8,11
5435,4,4,8
5436,7,10,17
5438,3,20,23
5440,1,6,7
5441,10,6,16
5442,3,4,7
5443,3,2,5
5444,7,2,9
5445,13,3,16
5446,5,8,13
5448,1,4,5
5449,4,1,5
5450,9,3,12
5451,5,13,18
5452,1,17,18
5453,2,5,7
5454,5,4,9
5456,16,3,19
5457,8,1,9
5459,6,2,8
5460,2,12,14
5461,10,4,14
5462,1,17,18
5463,4,3,7
5464,8,4,12
5465,3,2,5
5466,1,4,5
5467,2,3,5
5468,1,4,5
5469,4,8,12
5470,3,6,9
5471,1,4,5
5472,2,17,19
5473,3,4,7
5474,4,1,5
5475,1,12,13
5477,2,3,5
5478,2,16,18
5479,3,7,10
5482,5,11,16
5483,4,14,18
5484,8,6,14
5485,0,5,5
5486,3,8,11
5487,2,5,7
5488,10,12,22
5489,1,10,11
5490,3,21,24
5491,1,4,5
5492,1,4,5
5493,5,5,10
5494,1,6,7
5495,7,6,13
5496,9,11,20
5498,4,1,5
5499,8,2,10
5500,3,2,5
5501,4,12,16
5502,4,2,6
5503,2,4,6
5504,8,2,10
5505,4,14,18
5506,12,4,16
5507,2,3,5
5508,2,3,5
5509,3,11,14
5510,2,18,20
5511,0,5,5
5512,5,4,9
5516,1,8,9
5517,12,9,21
5518,4,4,8
5519,5,5,10
5520,1,9,10
5521,3,4,7
5523,0,6,6
5524,1,4,5
5527,3,6,9
5528,4,1,5
5529,5,3,8
5531,7,1,8
5533,4,7,11
5535,2,14,16
5536,2,4,6
5537,9,11,20
5538,2,6,8
5539,2,3,5
5540,6,1,7
5541,1,10,11
5542,4,4,8
5543,1,4,5
5544,6,4,10
5545,11,3,14
5546,2,18,20
5547,2,10,12
5548,3,6,9
5549,5,5,10
5550,1,4,5
5551,2,22,24
5552,8,8,16
5553,5,7,12
5554,0,2,2
5555,7,4,11
5556,9,12,21
5557,4,3,7
5558,0,5,5
5559,7,7,14
5560,12,2,14
5561,3,9,12
5562,10,13,23
5563,4,1,5
5564,1,22,23
5566,1,4,5
5568,8,10,18
5569,9,8,17
5570,1,13,14
5571,1,16,17
5572,10,5,15
5573,4,3,7
5574,0,5,5
5575,3,2,5
5576,19,3,22
5577,2,20,22
5578,10,6,16
5579,3,2,5
5580,9,11,20
5581,6,7,13
5582,7,12,19
5583,8,9,17
5584,2,16,18
5585,2,3,5
5586,1,10,11
5587,15,7,22
5589,15,2,17
5590,2,3,5
5591,4,5,9
5592,5,6,11
5594,13,3,16
5595,4,4,8
5596,1,15,16
5597,4,19,23
5599,2,12,14
5600,6,4,10
5601,0,7,7
5602,4,12,16
5604,2,3,5
5605,2,3,5
5606,1,6,7
5607,0,12,12
5610,3,2,5
5611,2,15,17
5612,12,2,14
5613,7,11,18
5614,16,6,22
5615,13,3,16
5616,10,1,11
5617,17,6,23
5618,2,7,9
5619,11,3,14
5620,1,7,8
5621,2,16,18
5622,1,11,12
5623,10,13,23
5624,2,17,19
5625,4,1,5
5628,1,4,5
5629,4,10,14
5630,13,8,21
5631,3,5,8
5632,14,2,16
5634,17,4,21
5635,6,5,11
5636,14,2,16
5637,8,12,20
5638,5,13,18
5639,3,3,6
5641,1,4,5
5642,2,3,5
5643,3,2,5
5645,3,2,5
5646,14,5,19
5647,22,2,24
5648,7,7,14
5649,1,4,5
5650,1,5,6
5651,0,5,5
5652,3,7,10
5654,10,10,20
5655,2,7,9
5656,18,3,21
5657,5,6,11
5658,2,8,10
5659,4,1,5
5660,11,5,16
5661,3,2,5
5662,2,3,5
5664,2,2,4
5665,1,11,12
5666,2,8,10
5667,0,1,1
5669,1,4,5
5670,15,3,18
5671,11,11,22
5672,1,10,11
5673,4,4,8
5674,4,7,11
5675,2,3,5
5676,3,14,17
5677,5,10,15
5678,6,4,10
5680,1,16,17
5681,7,16,23
5682,6,6,12
5683,8,2,10
5685,6,2,8
5686,8,6,14
5687,11,2,13
5688,8,14,22
5689,1,11,12
5690,9,12,21
5691,14,4,18
5692,4,1,5
5693,1,5,6
5694,7,9,16
5696,6,3,9
5697,4,1,5
5698,4,1,5
5699,13,6,19
5700,17,2,19
5701,2,5,7
5702,9,3,12
5703,11,11,22
5704,6,2,8
5705,9,7,16
5707,3,2,5
5708,8,5,13
5710,8,5,13
5711,0,1,1
5712,1,14,15
5713,2,13,15
5715,2,3,5
5716,7,2,9
5717,5,1,6
5718,1,4,5
5719,19,2,21
5720,4,20,24
5721,18,3,21
5722,0,1,1
5723,13,8,21
5724,10,6,16
5726,1,4,5
5727,10,1,11
5729,10,4,14
5730,5,6,11
5731,5,9,14
5732,8,5,13
5733,1,10,11
5734,13,4,17
5735,6,12,18
5736,3,2,5
5737,4,10,14
5738,7,12,19
5739,7,3,10
5741,10,9,19
5743,11,1,12
5744,1,10,11
5745,8,6,14
5746,1,4,5
5747,9,13,22
5748,1,4,5
5749,12,9,21
5750,11,4,15
5752,9,3,12
5753,2,4,6
5754,2,6,8
5755,4,2,6
5756,7,4,11
5758,14,4,18
5759,4,3,7
5760,1,17,18
5764,3,7,10
5765,21,2,23
5766,7,4,11
5767,8,7,15
5768,2,9,11
5769,2,17,19
5770,1,16,17
5771,5,7,12
5772,2,4,6
5773,13,3,16
5774,13,2,15
5775,1,4,5
5777,12,7,19
5778,3,3,6
5779,1,14,15
5780,1,9,10
5781,7,9,16
5782,1,4,5
5783,2,3,5
5784,4,2,6
5785,0,9,9
5786,0,6,6
5787,0,3,3
5788,1,4,5
5791,4,1,5
5792,1,10,11
5793,1,11,12
5795,1,18,19
5796,5,2,7
5797,8,8,16
5798,3,12,15
5799,2,5,7
5800,12,3,15
5801,4,1,5
5802,2,15,17
5804,4,1,5
5805,18,3,21
5806,0,5,5
5807,5,8,13
5808,10,4,14
5810,4,1,5
5811,6,7,13
5812,6,2,8
5813,4,1,5
5814,6,3,9
5815,1,4,5
5816,1,5,6
5817,4,8,12
5818,4,1,5
5819,1,8,9
5820,2,8,10
5821,10,2,12
5822,5,19,24
5824,2,3,5
5827,1,4,5
5828,1,16,17
5829,2,12,14
5830,5,7,12
5831,4,7,11
5832,11,6,17
5833,0,8,8
5834,3,4,7
5836,6,3,9
5837,8,3,11
5838,4,1,5
5839,3,2,5
5840,18,2,20
5841,1,5,6
5842,13,6,19
5843,4,1,5
5844,4,1,5
5846,18,3,21
5847,16,3,19
5848,7,1,8
5849,2,13,15
5850,5,13,18
5851,10,1,11
5852,11,3,14
5853,4,12,16
5854,3,19,22
5855,0,5,5
5856,6,7,13
5857,5,16,21
5858,5,5,10
5860,4,2,6
5861,7,5,12
5862,5,4,9
5863,6,1,7
5864,1,17,18
5865,1,13,14
5866,21,3,24
5868,4,17,21
5869,1,13,14
5871,8,10,18
5874,7,5,12
5875,4,1,5
5876,1,4,5
5877,4,1,5
5878,7,14,21
5879,6,2,8
5880,8,5,13
5882,4,1,5
5883,2,3,5
5884,3,2,5
5885,5,2,7
5887,8,6,14
5888,5,6,11
5889,2,3,5
5890,5,13,18
5891,2,19,21
5892,10,11,21
5893,12,10,22
5894,1,15,16
5895,2,3,5
5896,11,3,14
5897,4,16,20
5899,3,2,5
5901,7,3,10
5903,1,7,8
5904,1,7,8
5905,17,4,21
5906,6,1,7
5907,13,5,18
5908,4,3,7
5909,1,5,6
5910,13,11,24
5911,2,3,5
5912,12,2,14
5913,5,9,14
5914,4,4,8
5915,3,2,5
5916,7,2,9
5917,6,4,10
5918,1,6,7
5919,3,14,17
5920,6,2,8
5921,9,14,23
5922,2,3,5
5923,0,7,7
5924,11,4,15
5925,3,14,17
5926,13,7,20
5927,1,4,5
5928,3,2,5
5929,2,10,12
5930,7,2,9
5931,5,4,9
5932,0,5,5
5934,1,4,5
5936,5,6,11
5937,4,1,5
5938,10,11,21
5939,15,7,22
5940,10,2,12
5941,2,5,7
5942,4,12,16
5945,2,6,8
5946,1,4,5
5947,11,7,18
5948,1,4,5
5950,6,10,16
5951,7,4,11
5952,21,3,24
5953,15,2,17
5954,1,6,7
5955,8,15,23
5956,19,4,23
5957,1,4,5
5958,5,1,6
5959,4,10,14
5961,2,3,5
5963,0,9,9
5965,10,6,16
5967,1,6,7
5968,3,4,7
5969,10,1,11
5970,2,6,8
5971,7,3,10
5972,4,2,6
5973,4,3,7
5974,4,10,14
5975,4,3,7
5977,4,11,15
5978,4,1,5
5979,7,1,8
5982,0,5,5
5983,9,4,13
5984,3,2,5
5985,6,10,16
5986,2,7,9
5987,10,3,13
5988,19,5,24
5989,5,10,15
5991,2,6,8
5992,13,5,18
5993,16,5,21
5995,2,5,7
5996,0,6,6
5997,0,6,6
5999,7,1,8
6000,1,8,9
6001,7,7,14
6002,6,10,16
6003,0,5,5
6004,1,7,8
6005,2,3,5
6006,1,2,3
6007,11,6,17
6008,17,2,19
6009,15,8,23
6010,11,3,14
6011,2,20,22
6012,1,4,5
6013,19,3,22
6015,13,3,16
6016,6,2,8
6017,1,4,5
6018,0,8,8
6019,4,1,5
6020,1,11,12
6021,3,5,8
6022,2,19,21
6023,9,4,13
6024,6,3,9
6025,1,8,9
6026,3,10,13
6027,8,6,14
6028,10,6,16
6030,3,10,13
6031,2,16,18
6032,2,9,11
6033,4,2,6
6035,3,9,12
6036,3,12,15
6037,11,2,13
6038,0,4,4
6039,5,6,11
6040,3,9,12
6041,2,16,18
6042,2,3,5
6043,8,16,24
6045,13,9,22
6046,12,9,21
6047,1,17,18
6048,6,2,8
6049,11,1,12
6050,1,13,14
6053,17,5,22
6054,10,9,19
6055,1,4,5
6057,4,4,8
6058,10,3,13
6059,0,6,6
6060,10,8,18
6061,18,2,20
6062,11,9,20
6063,6,9,15
6064,5,4,9
6065,4,8,12
6066,3,8,11
6067,12,7,19
6068,11,9,20
6069,6,2,8
6070,4,1,5
6071,13,2,15
6072,2,3,5
6073,4,15,19
6074,1,4,5
6075,0,15,15
6076,1,4,5
6077,10,1,11
6078,5,7,12
6079,8,5,13
6080,10,5,15
6081,8,9,17
6083,1,4,5
6084,5,17,22
6085,14,9,23
6086,4,1,5
6088,0,5,5
6089,7,5,12
6090,6,10,16
6092,0,6,6
6093,1,4,5
6094,10,2,12
6095,2,6,8
6096,1,14,15
6097,1,11,12
6098,14,9,23
6099,1,11,12
6100,9,3,12
6101,3,2,5
6102,11,7,18
6103,3,4,7
6104,3,5,8
6105,1,6,7
6106,8,10,18
6107,7,13,20
6108,0,3,3
6109,4,4,8
6110,2,7,9
6111,3,5,8
6112,1,6,7
6114,3,2,5
6115,6,4,10
6116,7,2,9
6117,13,4,17
6118,10,3,13
6119,0,8,8
6120,1,15,16
6121,5,5,10
6123,1,4,5
6124,13,7,20
6126,1,10,11
6127,3,2,5
6128,0,5,5
6130,7,5,12
6131,0,1,1
6132,2,3,5
6133,20,3,23
6134,1,11,12
6135,13,1,14
6137,6,3,9
6138,6,3,9
6139,6,1,7
6141,7,1,8
6142,5,3,8
6144,12,1,13
6145,0,7,7
6146,0,9,9
6147,2,4,6
6148,7,16,23
6149,1,11,12
6150,12,2,14
6151,8,8,16
6153,3,6,9
6154,2,2,4
6155,3,3,6
6156,12,4,16
6157,1,6,7
6158,3,2,5
6159,14,6,20
6160,3,2,5
6162,2,11,13
6163,1,7,8
6164,1,17,18
6165,13,2,15
6166,2,11,13
6167,3,2,5
6168,5,6,11
6169,3,4,7
6170,1,12,13
6171,1,4,5
6172,6,5,11
6173,2,19,21
6174,2,21,23
6175,7,2,9
6176,1,14,15
6177,0,4,4
6178,7,15,22
6179,2,6,8
6180,2,5,7
6181,10,11,21
6182,4,1,5
6183,12,10,22
6184,7,4,11
6185,5,4,9
6187,1,4,5
6188,4,1,5
6189,6,2,8
6190,8,10,18
6191,5,1,6
6192,1,4,5
6194,5,8,13
6196,6,1,7
6197,8,12,20
6198,10,6,16
6199,2,16,18
6200,3,2,5
6201,2,3,5
6202,11,9,20
6203,2,19,21
6204,8,5,13
6205,2,7,9
6206,4,1,5
6207,20,3,23
6208,3,2,5
6209,3,3,6
6210,2,4,6
6211,1,5,6
6212,1,5,6
6213,1,4,5
6214,3,17,20
6215,8,5,13
6219,10,2,12
6220,6,5,11
6221,0,9,9
6222,11,2,13
6223,1,13,14
6224,12,7,19
6225,10,2,12
6226,1,7,8
6227,2,15,17
6228,2,4,6
6229,3,2,5
6231,1,5,6
6232,1,4,5
6234,1,9,10
6235,9,13,22
6236,5,3,8
6237,3,4,7
6238,8,2,10
6239,13,3,16
6240,6,1,7
6241,4,2,6
6242,1,4,5
6243,2,20,22
6244,1,4,5
6245,7,5,12
6246,2,3,5
6247,1,4,5
6248,15,2,17
6249,1,11,12
6250,1,6,7
6251,1,10,11
6252,4,4,8
6253,10,7,17
6254,0,12,12
6255,1,7,8
6256,2,20,22
6257,10,2,12
6258,0,5,5
6259,7,11,18
6260,9,5,14
6262,4,1,5
6263,0,9,9
6265,4,11,15
6266,0,6,6
6267,3,2,5
6268,4,1,5
6270,17,5,22
6271,10,2,12
6272,1,4,5
6273,9,9,18
6275,1,11,12
6276,19,3,22
6277,1,13,14
6278,10,5,15
6279,3,2,5
6280,16,3,19
6281,5,2,7
6283,0,5,5
6284,8,6,14
6285,3,12,15
6286,4,13,17
6287,5,15,20
6289,4,9,13
6290,0,8,8
6291,0,7,7
6293,4,1,5
6294,2,6,8
6295,4,1,5
6296,1,4,5
6297,3,8,11
6298,5,3,8
6299,5,19,24
6300,13,3,16
6301,4,4,8
6302,6,6,12
6303,6,12,18
6304,2,10,12
6308,6,9,15
6309,0,5,5
6310,8,5,13
6311,6,6,12
6313,1,9,10
6314,12,2,14
6315,3,12,15
6316,11,3,14
6317,5,6,11
6320,1,4,5
6321,12,2,14
6322,1,6,7
6324,6,7,13
6325,9,7,16
6327,11,2,13
6328,0,5,5
6329,8,9,17
6330,2,20,22
6331,2,11,13
6332,2,14,16
6333,18,5,23
6334,1,9,10
6335,0,7,7
6336,1,4,5
6337,2,19,21
6339,6,3,9
6340,1,17,18
6342,7,1,8
6343,3,8,11
6344,5,1,6
6345,2,3,5
6347,5,19,24
6348,1,4,5
6350,0,9,9
6351,0,4,4
6352,1,6,7
6353,3,4,7
6354,8,5,13
6355,4,4,8
6356,2,3,5
6358,9,1,10
6359,3,13,16
6360,0,7,7
6361,3,2,5
6362,2,5,7
6363,2,6,8
6364,4,17,21
6365,3,5,8
6366,2,22,24
6367,2,5,7
6368,2,3,5
6369,15,9,24
6370,18,4,22
6372,2,5,7
6373,7,1,8
6374,7,11,18
6375,6,1,7
6376,15,9,24
6377,7,13,20
6378,4,10,14
6379,2,8,10
6380,1,8,9
6381,1,6,7
6382,4,1,5
6383,6,13,19
6384,4,6,10
6385,6,3,9
6386,9,2,11
6387,0,6,6
6388,4,11,15
6389,3,11,14
6391,1,11,12
6392,4,10,14
6393,9,6,15
6394,8,4,12
6395,3,9,12
6396,2,16,18
6398,8,4,12
6399,9,6,15
6400,4,1,5
6403,11,4,15
6405,2,12,14
6406,8,1,9
6407,0,4,4
6408,0,13,13
6409,4,13,17
6410,0,13,13
6411,10,2,12
6413,2,3,5
6414,4,1,5
6415,7,5,12
6416,7,4,11
6417,4,1,5
6418,2,7,9
6419,3,2,5
6420,4,1,5
6422,12,12,24
6423,2,7,9
6424,6,14,20
6425,0,14,14
6426,3,2,5
6427,7,8,15
6428,0,10,10
6429,9,2,11
6430,6,4,10
6431,3,2,5
6432,12,2,14
6433,6,13,19
6434,1,11,12
6435,15,2,17
6436,3,4,7
6438,0,5,5
6439,5,10,15
6440,7,4,11
6441,4,19,23
6442,4,2,6
6443,4,8,12
6444,1,20,21
6445,14,3,17
6446,3,9,12
6447,2,3,5
6448,4,1,5
6449,8,1,9
6451,5,2,7
6452,0,7,7
6453,10,7,17
6454,4,1,5
6455,3,5,8
6456,2,9,11
6457,3,2,5
6459,16,2,18
6460,8,6,14
6462,9,15,24
6464,9,8,17
6465,17,6,23
6466,15,4,19
6467,4,1,5
6469,3,7,10
6470,8,3,11
6471,7,7,14
6472,5,14,19
6473,8,3,11
6474,10,7,17
6475,0,5,5
6477,7,2,9
6478,2,3,5
6479,10,2,12
6480,7,2,9
6481,7,2,9
6482,19,4,23
6483,10,9,19
6484,8,9,17
6485,4,4,8
6486,7,5,12
6487,4,9,13
6488,2,4,6
6489,1,16,17
6490,3,2,5
6491,3,8,11
6494,15,7,22
6495,21,2,23
6496,9,2,11
6497,3,21,24
6500,8,3,11
6501,1,9,10
6502,1,18,19
6504,4,12,16
6505,1,17,18
6506,6,7,13
6507,5,2,7
6509,2,20,22
6510,1,10,11
6511,2,10,12
6512,3,2,5
6513,0,7,7
6514,10,3,13
6515,1,23,24
6516,1,3,4
6518,18,4,22
6519,4,14,18
6520,2,5,7
6521,5,16,21
6522,9,2,11
6523,3,4,7
6524,5,2,7
6525,1,4,5
6526,0,7,7
6527,6,17,23
6528,2,9,11
6529,4,2,6
6530,1,4,5
6531,8,7,15
6532,3,2,5
6533,8,5,13
6534,6,8,14
6535,3,3,6
6536,11,6,17
6537,2,3,5
6538,18,5,23
6539,2,3,5
6540,10,3,13
6541,3,6,9
6542,5,12,17
6543,5,7,12
6545,4,5,9
6546,8,8,16
6547,0,5,5
6548,1,6,7
6549,8,9,17
6550,7,1,8
6551,5,18,23
6552,10,1,11
6553,0,5,5
6554,4,1,5
6555,4,2,6
6556,4,3,7
6557,0,5,5
6559,4,1,5
6560,7,1,8
6561,9,15,24
6562,12,5,17
6563,2,8,10
6564,5,5,10
6565,6,8,14
6566,5,18,23
6567,10,4,14
6569,8,7,15
6570,7,14,21
6571,4,6,10
6573,4,3,7
6574,5,2,7
6575,4,12,16
6576,8,4,12
6577,9,10,19
6578,13,10,23
6579,12,1,13
6580,1,15,16
6581,5,10,15
6583,2,5,7
6584,3,2,5
6585,8,2,10
6586,6,6,12
6587,5,2,7
6588,0,5,5
6589,3,4,7
6590,3,11,14
6591,4,13,17
6593,2,3,5
6595,5,10,15
6596,11,7,18
6597,2,12,14
6598,3,2,5
6599,0,5,5
6600,2,1,3
6601,1,13,14
6602,1,4,5
6603,7,1,8
6604,11,2,13
6606,1,15,16
6608,2,4,6
6610,0,8,8
6612,7,14,21
6613,4,5,9
6614,3,2,5
6615,1,14,15
6616,9,2,11
6617,7,5,12
6618,9,1,10
6619,9,8,17
6621,6,3,9
6622,0,6,6
6623,9,13,22
6624,0,7,7
6625,15,3,18
6627,5,5,10
6628,0,7,7
6629,1,4,5
6631,1,18,19
6633,7,13,20
6634,14,2,16
6636,1,4,5
6637,16,2,18
6638,4,2,6
6639,1,4,5
6640,2,12,14
6641,1,4,5
6643,0,5,5
6644,1,16,17
6647,7,17,24
6649,9,2,11
6650,3,2,5
6651,9,5,14
6652,1,4,5
6654,2,8,10
6655,0,11,11
6656,2,18,20
6657,2,6,8
6658,7,1,8
6659,4,13,17
6660,0,7,7
6661,3,3,6
6662,5,5,10
6663,3,6,9
6664,1,3,4
6665,5,9,14
6666,16,5,21
6669,2,5,7
6671,1,5,6
6672,13,5,18
6673,5,9,14
6674,0,4,4
6675,2,7,9
6676,6,3,9
6678,3,2,5
6679,0,5,5
6680,0,5,5
6681,2,4,6
6683,4,1,5
6684,7,16,23
6686,10,9,19
6687,0,3,3
6688,15,7,22
6690,12,3,15
6691,1,9,10
6693,16,2,18
6694,2,13,15
6695,13,8,21
6696,2,3,5
6697,12,2,14
6698,2,9,11
6700,4,12,16
6701,4,1,5
6702,2,6,8
6703,1,5,6
6704,1,7,8
6706,3,2,5
6707,3,3,6
6708,3,5,8
6709,7,14,21
6710,1,4,5
6711,1,6,7
6712,6,2,8
6713,10,3,13
6714,10,10,20
6715,14,8,22
6716,4,1,5
6717,8,3,11
6718,14,9,23
6720,7,17,24
6721,8,5,13
6722,1,6,7
6723,5,8,13
6724,2,14,16
6726,0,5,5
6728,3,12,15
6730,0,6,6
6731,5,5,10
6732,11,1,12
6733,4,1,5
6734,2,3,5
6735,4,4,8
6736,15,2,17
6737,0,5,5
6738,3,8,11
6739,3,5,8
6740,11,10,21
6741,7,9,16
6743,3,21,24
6745,1,5,6
6746,11,7,18
6748,12,2,14
6749,1,4,5
6750,5,2,7
6752,2,5,7
6753,2,6,8
6755,0,8,8
6757,20,4,24
6758,4,1,5
6759,0,1,1
6760,4,1,5
6761,4,1,5
6762,7,12,19
6763,11,6,17
6764,14,3,17
6766,7,1,8
6767,6,10,16
6768,5,3,8
6769,5,13,18
6770,12,6,18
6771,1,6,7
6772,2,21,23
6773,4,1,5
6774,13,5,18
6776,5,7,12
6777,0,7,7
6778,3,2,5
6779,9,6,15
6780,14,4,18
6781,13,11,24
6782,2,22,24
6783,0,12,12
6784,4,1,5
6787,2,22,24
6789,1,4,5
6790,0,8,8
6791,1,15,16
6792,10,8,18
6793,11,12,23
6794,5,1,6
6795,0,5,5
6796,1,15,16
6798,4,5,9
6799,4,3,7
6800,1,8,9
6801,4,10,14
6802,2,6,8
6803,16,4,20
6804,0,6,6
6805,8,1,9
6806,4,1,5
6807,6,6,12
6808,5,1,6
6809,8,5,13
6810,10,2,12
6811,9,11,20
6812,4,1,5
6813,1,4,5
6814,21,3,24
6815,2,19,21
6816,1,10,11
6817,0,7,7
6818,1,4,5
6819,6,1,7
6820,1,11,12
6821,2,3,5
6822,2,21,23
6823,1,4,5
6824,18,6,24
6825,5,5,10
6826,2,3,5
6827,4,1,5
6828,3,12,15
6829,8,9,17
6830,2,3,5
6832,12,2,14
6833,8,4,12
6834,7,1,8
6835,8,3,11
6836,10,11,21
6837,4,13,17
6838,4,17,21
6839,2,16,18
6840,2,10,12
6841,8,2,10
6842,8,2,10
6843,0,15,15
6844,2,3,5
6846,6,15,21
6847,17,7,24
6848,9,10,19
6849,4,2,6
6850,1,7,8
6851,0,5,5
6852,2,4,6
6853,1,5,6
6855,4,7,11
6856,5,12,17
6857,6,13,19
6858,10,5,15
6859,1,4,5
6860,3,5,8
6861,1,9,10
6862,5,5,10
6863,16,6,22
6864,12,2,14
6865,0,5,5
6866,5,4,9
6867,1,11,12
6868,11,13,24
6869,5,9,14
6870,2,3,5
6872,1,10,11
6873,9,8,17
6874,3,2,5
6875,0,6,6
6876,4,1,5
6880,9,7,16
6882,9,6,15
6883,15,6,21
6884,3,2,5
6885,3,3,6
6886,5,3,8
6887,12,5,17
6888,7,15,22
6889,5,5,10
6890,2,12,14
6891,2,3,5
6892,3,17,20
6893,0,15,15
6895,8,7,15
6896,8,8,16
6897,1,8,9
6898,2,6,8
6899,5,2,7
6900,1,10,11
6901,1,4,5
6902,15,1,16
6903,6,7,13
6904,3,17,20
6905,0,7,7
6906,8,12,20
6907,6,17,23
6908,13,10,23
6909,4,13,17
6910,3,6,9
6911,2,9,11
6912,16,2,18
6913,9,2,11
6914,0,5,5
6915,9,7,16
6916,0,5,5
6917,1,13,14
6918,5,5,10
6919,1,13,14
6920,17,3,20
6921,6,1,7
6922,0,5,5
6924,1,13,14
6925,2,10,12
6926,13,2,15
6927,15,5,20
6928,14,6,20
6930,2,3,5
6931,7,3,10
6933,2,1,3
6934,4,3,7
6936,4,1,5
6937,5,4,9
6938,1,16,17
6939,11,10,21
6940,1,3,4
6941,22,2,24
6942,2,5,7
6943,3,5,8
6944,6,5,11
6945,16,5,21
6946,4,1,5
6948,1,17,18
6950,2,2,4
6951,8,7,15
6952,8,2,10
6953,1,2,3
6954,1,4,5
6955,2,4,6
6958,2,3,5
6959,9,13,22
6960,3,2,5
6961,3,3,6
6962,16,2,18
6963,2,6,8
6964,11,5,16
6965,12,2,14
6966,3,5,8
6967,8,1,9
6968,5,2,7
6969,3,4,7
6971,3,4,7
6973,2,3,5
6974,13,11,24
6975,1,22,23
6976,10,11,21
6977,10,2,12
6978,0,5,5
6979,15,5,20
6980,5,10,15
6981,11,7,18
6982,7,4,11
6984,4,9,13
6985,12,5,17
6986,5,19,24
6987,1,17,18
6988,4,17,21
6989,4,5,9
6990,7,4,11
6992,6,14,20
6994,3,5,8
6995,1,7,8
6997,6,2,8
6998,8,4,12
6999,0,13,13
7000,2,3,5
7001,4,1,5
7002,5,6,11
7003,1,8,9
7004,4,1,5
7005,20,2,22
7006,11,5,16
7007,9,8,17
7008,1,10,11
7009,3,4,7
7011,8,4,12
7012,9,9,18
7013,2,7,9
7014,0,5,5
7015,14,4,18
7017,6,3,9
7018,3,2,5
7020,4,10,14
7021,5,13,18
7022,17,3,20
7023,3,8,11
7024,4,4,8
7025,6,4,10
7026,8,2,10
7027,4,2,6
7029,3,16,19
7030,7,8,15
7031,3,2,5
7032,3,1,4
7034,6,10,16
7035,9,12,21
7036,10,4,14
7037,6,17,23
7038,11,9,20
7040,1,12,13
7041,16,4,20
7042,13,2,15
7043,1,6,7
7044,1,4,5
7045,12,10,22
7046,10,6,16
7048,6,2,8
7049,1,16,17
7050,3,2,5
7051,12,2,14
7054,4,6,10
7055,19,2,21
7056,10,5,15
7057,1,5,6
7059,4,19,23
7060,2,18,20
7061,4,1,5
7062,4,1,5
7063,2,5,7
7065,1,5,6
7066,7,1,8
7067,7,8,15
7068,14,9,23
7069,4,14,18
7070,5,10,15
7071,1,4,5
7072,8,2,10
7073,4,12,16
7078,4,4,8
7079,2,3,5
7081,3,11,14
7082,15,3,18
7083,1,14,15
7084,8,1,9
7085,5,8,13
7087,2,3,5
7088,1,3,4
7089,1,4,5
7090,0,3,3
7091,0,4,4
7092,12,2,14
7093,3,2,5
7094,5,5,10
7095,2,7,9
7096,7,4,11
7097,4,4,8
7098,16,7,23
7099,1,4,5
7100,1,5,6
7101,4,3,7
7102,3,3,6
7104,1,10,11
7105,4,5,9
7106,6,4,10
7107,5,1,6
7109,5,6,11
7111,1,3,4
7112,4,11,15
7113,5,6,11
7114,2,9,11
7115,1,4,5
7116,2,8,10
7117,9,8,17
7118,8,15,23
7119,2,19,21
7120,2,8,10
7121,11,13,24
7122,9,3,12
7123,0,5,5
7124,2,3,5
7125,1,12,13
7126,5,4,9
7127,2,3,5
7128,2,5,7
7129,2,3,5
7130,3,2,5
7132,3,2,5
7134,0,5,5
7135,12,2,14
7136,7,2,9
7138,2,3,5
7139,10,2,12
7140,2,17,19
7141,2,10,12
7142,0,8,8
7143,9,3,12
7144,5,6,11
7147,0,6,6
7149,1,18,19
7151,2,3,5
7152,1,11,12
7153,2,4,6
7154,2,2,4
7155,10,4,14
7156,3,6,9
7157,4,15,19
7158,2,17,19
7159,3,6,9
7160,7,1,8
7161,1,7,8
7162,12,4,16
7164,10,12,22
7165,0,9,9
7166,2,3,5
7167,2,3,5
7169,1,9,10
7170,19,3,22
7171,2,7,9
7172,8,4,12
7173,11,3,14
7174,10,7,17
7175,3,16,19
7177,4,1,5
7179,4,1,5
7181,0,5,5
7182,0,15,15
7183,2,5,7
7184,1,4,5
7185,17,2,19
7187,2,12,14
7188,9,14,23
7190,2,3,5
7191,0,7,7
7192,12,6,18
7194,1,5,6
7195,1,8,9
7196,14,2,16
7197,2,3,5
7198,9,2,11
7199,4,7,11
7200,0,5,5
7201,2,16,18
7202,12,7,19
7203,1,7,8
7204,12,6,18
7205,0,5,5
7206,9,5,14
7207,11,8,19
7208,0,5,5
7209,11,10,21
7210,14,9,23
7211,0,4,4
7213,4,4,8
7215,1,5,6
7216,1,18,19
7217,2,3,5
7218,9,7,16
7219,3,5,8
7220,2,3,5
7221,12,11,23
7222,19,5,24
7224,7,12,19
7225,2,9,11
7226,4,17,21
7227,3,3,6
7228,1,13,14
7229,18,3,21
7230,6,2,8
7232,8,13,21
7233,17,5,22
7234,1,19,20
7235,3,10,13
7236,0,5,5
7238,10,9,19
7239,4,2,6
7241,5,12,17
7242,8,4,12
7243,0,8,8
7244,0,6,6
7245,14,4,18
7247,3,5,8
7248,1,8,9
7249,2,7,9
7250,4,1,5
7251,2,5,7
7252,21,3,24
7253,0,9,9
7254,3,3,6
7255,10,5,15
