1,17,6,23
2,14,15,29
3,54,36,90
4,0,1,1
5,3,1,4
6,0,1,1
7,15,8,23
8,4,7,11
9,15,10,25
11,2,2,4
12,1,0,1
13,0,1,1
14,2,1,3
15,3,0,3
16,3,4,7
17,1,1,2
18,15,23,38
19,1,4,5
20,12,9,21
21,3,7,10
22,1,1,2
23,1,1,2
24,0,3,3
25,3,2,5
26,7,3,10
30,0,1,1
31,0,1,1
32,3,6,9
33,5,10,15
34,3,7,10
35,4,10,14
36,29,43,72
37,11,19,30
38,4,6,10
39,187,113,300
40,1,5,6
41,3,9,12
42,1,2,3
43,57,56,113
44,2,5,7
45,9,12,21
47,1,1,2
48,20,6,26
49,5,18,23
50,1,0,1
51,1,5,6
52,0,1,1
54,0,1,1
55,1,1,2
56,1,3,4
57,0,2,2
58,48,43,91
59,36,67,103
60,15,8,23
61,1,0,1
63,0,2,2
65,3,1,4
66,1,2,3
67,2,3,5
68,2,1,3
69,2,1,3
70,2,3,5
71,2,0,2
72,3,4,7
73,2,0,2
74,3,3,6
76,4,5,9
77,23,32,55
78,5,14,19
79,2,4,6
80,0,3,3
81,8,11,19
82,5,6,11
83,0,2,2
84,25,22,47
85,0,3,3
86,0,1,1
87,38,18,56
88,1,1,2
89,1,0,1
90,9,10,19
92,0,2,2
93,0,2,2
94,3,2,5
95,0,3,3
96,6,4,10
97,0,1,1
98,1,5,6
99,3,5,8
100,0,2,2
102,0,2,2
103,1,1,2
104,1,2,3
105,1,0,1
106,1,2,3
107,0,1,1
108,2,1,3
109,0,3,3
110,40,32,72
111,5,22,27
112,5,9,14
113,1,4,5
114,4,20,24
115,2,0,2
116,4,2,6
117,5,26,31
118,1,1,2
120,2,1,3
121,12,6,18
122,0,1,1
123,20,52,72
124,1,1,2
125,1,2,3
126,2,1,3
127,1,1,2
128,1,1,2
131,0,1,1
132,0,1,1
133,0,1,1
135,1,2,3
136,0,2,2
137,29,15,44
138,18,33,51
139,34,14,48
140,3,1,4
141,2,6,8
143,8,16,24
144,14,10,24
145,2,5,7
146,21,15,36
147,11,11,22
148,9,18,27
149,7,10,17
150,68,118,186
151,27,51,78
152,67,62,129
153,24,33,57
154,62,127,189
155,42,107,149
156,4,22,26
157,80,107,187
158,4,8,12
159,105,105,210
160,9,7,16
161,4,0,4
162,11,15,26
163,16,23,39
164,21,13,34
165,2,2,4
166,21,29,50
167,10,5,15
168,12,18,30
169,7,4,11
170,32,20,52
171,2,5,7
172,1,2,3
173,1,1,2
174,0,1,1
175,3,4,7
176,1,12,13
177,2,4,6
178,1,3,4
179,9,6,15
180,1,1,2
181,1,1,2
182,3,0,3
183,0,4,4
185,1,11,12
188,0,2,2
189,2,0,2
190,1,3,4
191,3,0,3
192,4,15,19
193,4,5,9
194,3,3,6
195,52,54,106
196,5,7,12
197,1,0,1
198,8,9,17
200,1,2,3
201,1,0,1
202,0,2,2
203,2,0,2
204,34,25,59
205,12,12,24
206,3,9,12
207,1,1,2
208,3,6,9
209,0,1,1
210,2,1,3
211,5,2,7
212,6,2,8
213,5,2,7
214,0,2,2
215,3,1,4
216,2,1,3
217,1,1,2
219,2,3,5
220,6,1,7
221,0,2,2
222,91,73,164
223,4,0,4
224,0,1,1
225,0,1,1
226,9,18,27
227,0,2,2
228,3,4,7
229,2,3,5
230,1,0,1
231,0,2,2
232,2,3,5
233,0,2,2
234,1,2,3
235,1,2,3
236,1,1,2
237,1,0,1
238,0,3,3
240,1,1,2
241,1,0,1
245,1,0,1
246,2,4,6
247,2,0,2
248,1,0,1
249,2,1,3
251,2,2,4
252,1,0,1
254,1,1,2
257,7,11,18
259,0,1,1
260,3,2,5
261,0,1,1
262,6,5,11
263,13,10,23
264,1,0,1
265,0,3,3
266,1,2,3
267,1,1,2
268,4,8,12
269,3,1,4
271,0,1,1
272,2,4,6
273,1,0,1
274,0,1,1
275,0,1,1
276,0,3,3
277,1,0,1
278,0,2,2
279,2,3,5
280,3,2,5
281,108,81,189
282,27,41,68
283,0,3,3
284,1,2,3
286,2,5,7
287,0,1,1
288,1,2,3
289,9,33,42
290,0,5,5
292,0,2,2
293,0,1,1
294,1,1,2
295,1,0,1
296,1,4,5
298,4,4,8
300,3,0,3
301,0,4,4
303,3,9,12
304,11,24,35
306,4,9,13
307,15,12,27
308,3,6,9
309,2,4,6
310,1,5,6
312,6,3,9
313,2,2,4
314,0,1,1
315,1,0,1
316,6,1,7
317,6,3,9
318,2,1,3
319,4,3,7
320,5,6,11
321,3,0,3
322,1,1,2
324,0,4,4
326,0,1,1
327,1,6,7
328,0,5,5
329,1,2,3
330,3,7,10
331,12,11,23
332,8,1,9
333,11,3,14
334,0,5,5
335,10,22,32
336,1,3,4
337,2,7,9
338,2,5,7
339,5,8,13
340,0,1,1
341,1,2,3
342,26,32,58
343,0,2,2
344,1,4,5
345,0,10,10
347,1,2,3
349,1,1,2
351,1,0,1
352,0,1,1
353,0,1,1
356,4,4,8
357,0,2,2
358,1,0,1
360,7,1,8
361,0,4,4
362,0,1,1
363,1,1,2
364,0,1,1
365,5,7,12
366,2,0,2
367,1,0,1
368,0,3,3
369,0,1,1
370,58,138,196
371,0,3,3
372,8,15,23
373,1,0,1
374,0,2,2
375,1,2,3
377,0,1,1
378,7,13,20
379,0,1,1
380,5,7,12
381,9,7,16
382,7,10,17
383,2,7,9
385,1,1,2
386,11,16,27
387,0,1,1
388,1,1,2
389,0,1,1
390,1,1,2
391,0,3,3
393,1,1,2
394,0,1,1
395,0,1,1
396,2,1,3
397,1,1,2
398,0,1,1
400,1,1,2
401,0,1,1
402,0,1,1
403,0,1,1
405,0,3,3
406,2,10,12
407,1,8,9
408,9,23,32
409,0,2,2
411,0,3,3
412,0,1,1
413,0,1,1
414,1,3,4
415,0,1,1
416,1,5,6
417,1,1,2
418,1,0,1
419,2,0,2
421,0,2,2
422,0,1,1
425,0,1,1
430,10,15,25
431,1,2,3
432,0,1,1
433,0,1,1
434,0,3,3
435,1,1,2
436,0,2,2
438,2,2,4
439,17,18,35
440,0,1,1
441,3,9,12
442,0,1,1
444,4,10,14
446,1,0,1
447,1,1,2
450,7,12,19
451,19,30,49
452,0,1,1
453,8,5,13
454,1,2,3
455,0,2,2
456,4,16,20
457,1,0,1
458,15,12,27
459,1,0,1
460,0,1,1
466,1,6,7
468,1,0,1
472,0,1,1
473,0,1,1
474,0,1,1
475,0,2,2
477,0,5,5
478,1,0,1
479,0,2,2
482,4,10,14
483,9,13,22
484,0,1,1
485,2,4,6
486,3,3,6
487,1,0,1
488,1,2,3
489,0,2,2
494,0,2,2
495,0,1,1
497,0,3,3
498,0,2,2
499,0,1,1
500,0,1,1
501,1,1,2
502,0,2,2
503,1,2,3
504,0,2,2
505,1,2,3
507,0,3,3
508,2,1,3
509,1,0,1
510,2,8,10
512,2,5,7
513,0,2,2
514,0,1,1
515,1,3,4
517,0,1,1
520,1,1,2
522,1,0,1
525,0,1,1
526,0,3,3
527,0,1,1
530,17,16,33
531,1,4,5
532,2,6,8
533,0,5,5
534,0,5,5
535,6,12,18
536,5,6,11
537,1,0,1
538,33,15,48
539,2,1,3
540,3,2,5
541,15,9,24
542,1,1,2
544,3,9,12
545,3,3,6
546,0,6,6
547,16,11,27
548,1,0,1
549,0,2,2
550,0,2,2
551,1,0,1
552,1,0,1
553,1,0,1
554,1,3,4
555,1,2,3
556,1,3,4
557,0,1,1
558,2,13,15
559,9,7,16
560,10,13,23
561,1,3,4
562,0,2,2
564,0,1,1
565,0,2,2
566,1,1,2
567,0,2,2
568,0,2,2
570,0,5,5
571,4,9,13
573,0,1,1
574,2,2,4
575,1,3,4
576,0,1,1
578,0,1,1
579,8,5,13
580,87,50,137
581,18,22,40
582,22,28,50
583,7,7,14
584,12,11,23
585,7,7,14
586,7,10,17
587,9,7,16
589,1,2,3
591,9,10,19
592,1,0,1
594,1,4,5
595,2,5,7
596,5,2,7
597,0,1,1
598,2,4,6
599,0,1,1
600,1,7,8
601,1,2,3
602,4,5,9
603,22,15,37
604,68,34,102
605,10,7,17
606,2,5,7
607,1,0,1
608,6,5,11
609,7,9,16
610,6,9,15
612,0,2,2
615,0,3,3
616,0,1,1
617,1,2,3
618,5,7,12
619,0,1,1
620,0,2,2
621,0,1,1
622,1,1,2
623,0,1,1
624,1,1,2
625,1,2,3
626,0,1,1
627,2,2,4
628,0,1,1
630,0,4,4
631,4,1,5
632,2,0,2
634,0,1,1
635,0,1,1
636,0,2,2
637,0,1,1
638,0,1,1
640,1,0,1
641,4,18,22
642,5,7,12
643,0,3,3
644,0,1,1
645,0,1,1
646,1,1,2
648,3,2,5
649,1,1,2
652,1,0,1
656,0,1,1
657,0,7,7
658,3,5,8
659,1,3,4
661,4,2,6
662,2,0,2
663,1,3,4
665,1,4,5
666,10,9,19
667,1,0,1
669,4,9,13
670,2,3,5
671,1,1,2
672,1,7,8
673,0,2,2
674,1,5,6
675,1,1,2
676,3,2,5
677,3,4,7
678,0,2,2
679,2,1,3
680,1,4,5
681,1,3,4
682,0,5,5
683,15,13,28
684,6,4,10
685,1,1,2
686,3,3,6
687,3,3,6
688,3,3,6
689,37,27,64
690,0,2,2
692,1,1,2
696,22,14,36
698,4,9,13
699,1,0,1
700,0,2,2
701,3,3,6
703,1,0,1
705,0,5,5
706,1,2,3
707,0,1,1
708,0,2,2
710,0,1,1
713,4,6,10
718,2,0,2
720,0,4,4
721,2,0,2
722,2,2,4
723,1,1,2
724,1,0,1
725,0,1,1
726,1,4,5
727,3,4,7
729,1,1,2
730,0,1,1
731,1,5,6
732,2,0,2
733,0,2,2
734,0,1,1
735,2,3,5
736,0,1,1
737,2,6,8
738,6,11,17
740,25,10,35
741,2,2,4
742,13,4,17
743,10,5,15
744,8,10,18
745,2,6,8
746,2,1,3
747,3,5,8
748,2,0,2
751,14,9,23
752,0,1,1
753,3,5,8
754,2,4,6
755,2,1,3
756,1,2,3
757,2,0,2
758,1,5,6
760,10,25,35
761,2,3,5
762,6,18,24
763,8,3,11
764,1,3,4
765,10,13,23
766,4,1,5
767,0,3,3
768,0,3,3
769,1,1,2
770,4,2,6
771,2,1,3
772,26,17,43
773,0,3,3
774,2,5,7
775,0,1,1
776,6,4,10
778,2,4,6
779,2,3,5
780,0,1,1
781,0,8,8
782,1,1,2
783,34,18,52
784,8,7,15
785,0,3,3
786,3,4,7
787,7,12,19
788,55,21,76
789,48,48,96
790,4,13,17
791,2,1,3
792,6,6,12
793,4,8,12
794,0,4,4
795,1,2,3
796,1,0,1
797,0,2,2
798,0,1,1
799,1,1,2
800,53,35,88
801,3,9,12
802,25,21,46
803,3,4,7
804,15,5,20
805,1,4,5
806,1,12,13
807,3,2,5
808,1,2,3
810,0,1,1
811,1,2,3
812,4,3,7
813,9,19,28
814,1,1,2
816,0,1,1
817,1,1,2
818,5,5,10
819,5,3,8
821,5,1,6
822,1,3,4
823,1,1,2
824,3,3,6
825,19,12,31
826,9,14,23
827,1,8,9
828,2,7,9
829,8,7,15
830,8,5,13
831,7,1,8
832,2,1,3
833,1,2,3
834,6,0,6
835,9,5,14
836,1,2,3
837,0,1,1
839,0,2,2
840,1,4,5
842,1,4,5
843,0,2,2
844,7,11,18
845,5,9,14
846,6,4,10
847,0,1,1
848,0,3,3
849,1,1,2
851,0,1,1
853,1,1,2
854,0,2,2
856,4,0,4
858,0,2,2
859,1,2,3
860,5,2,7
862,6,11,17
863,1,1,2
864,25,21,46
865,1,2,3
867,1,0,1
868,2,6,8
869,3,3,6
871,0,2,2
872,2,1,3
874,0,4,4
875,1,1,2
876,1,1,2
877,4,4,8
878,1,1,2
879,0,2,2
880,0,1,1
881,2,2,4
882,1,4,5
883,1,1,2
884,8,14,22
885,6,1,7
886,5,3,8
887,0,1,1
888,1,0,1
889,8,6,14
890,1,0,1
891,2,2,4
892,0,2,2
893,10,10,20
895,0,1,1
901,0,1,1
903,0,7,7
904,1,1,2
905,1,0,1
906,1,1,2
907,1,1,2
909,1,3,4
911,6,2,8
913,1,0,1
914,4,5,9
915,0,2,2
916,1,0,1
917,0,2,2
918,1,1,2
919,1,1,2
920,6,24,30
921,1,7,8
922,0,1,1
923,0,2,2
924,0,4,4
925,11,7,18
927,6,5,11
928,3,1,4
929,0,1,1
930,1,0,1
931,0,2,2
932,1,5,6
933,0,2,2
934,5,8,13
935,2,1,3
936,0,3,3
937,3,4,7
938,2,0,2
939,1,0,1
940,6,5,11
941,4,13,17
942,3,4,7
943,4,7,11
944,7,2,9
945,11,7,18
946,83,87,170
947,3,1,4
948,0,5,5
949,0,5,5
950,2,7,9
951,0,1,1
952,0,1,1
954,0,2,2
955,1,4,5
956,3,0,3
958,0,1,1
959,1,2,3
960,1,3,4
961,1,0,1
962,1,5,6
963,0,2,2
964,0,3,3
965,2,5,7
966,0,2,2
967,2,1,3
968,0,1,1
969,0,3,3
970,1,2,3
971,0,2,2
972,2,0,2
973,0,2,2
974,1,0,1
976,0,1,1
977,3,1,4
978,1,1,2
979,0,1,1
980,0,1,1
981,4,0,4
982,0,3,3
983,4,4,8
984,1,2,3
985,8,7,15
986,0,2,2
987,4,2,6
988,2,5,7
989,10,9,19
990,0,1,1
991,0,1,1
993,1,1,2
994,3,5,8
995,3,5,8
996,1,0,1
997,0,1,1
999,0,1,1
1001,25,10,35
1002,3,1,4
1003,4,10,14
1004,0,2,2
1005,6,5,11
1006,0,9,9
1007,6,10,16
1008,3,2,5
1009,1,1,2
1010,0,1,1
1011,1,2,3
1013,1,7,8
1014,0,1,1
1015,1,3,4
1017,0,1,1
1018,3,3,6
1019,2,5,7
1020,2,1,3
1021,3,5,8
1022,1,1,2
1023,3,5,8
1024,2,0,2
1025,1,0,1
1027,1,0,1
1031,0,1,1
1032,1,3,4
1033,1,5,6
1034,3,4,7
1035,0,1,1
1037,1,0,1
1038,5,14,19
1039,0,1,1
1040,0,8,8
1041,1,0,1
1042,0,2,2
1043,2,3,5
1044,1,1,2
1045,14,19,33
1046,1,3,4
1047,0,6,6
1048,1,1,2
1049,5,6,11
1050,2,0,2
1051,1,2,3
1052,1,0,1
1053,0,1,1
1054,4,5,9
1055,3,2,5
1056,0,1,1
1057,0,1,1
1061,1,2,3
1064,0,4,4
1065,0,1,1
1066,0,2,2
1067,2,1,3
1069,3,0,3
1070,1,10,11
1071,1,3,4
1072,1,3,4
1073,4,0,4
1075,3,1,4
1076,2,1,3
1077,1,2,3
1079,0,2,2
1080,0,5,5
1081,2,0,2
1082,5,6,11
1083,0,1,1
1084,2,9,11
1085,2,1,3
1086,0,1,1
1087,0,1,1
1088,0,1,1
1089,2,3,5
1090,7,9,16
1091,4,5,9
1092,3,2,5
1093,4,5,9
1094,5,3,8
1095,1,3,4
1096,6,9,15
1097,6,1,7
1098,0,6,6
1099,2,2,4
1100,2,5,7
1101,1,3,4
1102,2,2,4
1103,8,5,13
1105,0,1,1
1106,1,7,8
1107,8,3,11
1109,4,6,10
1110,21,28,49
1114,1,0,1
1116,0,1,1
1118,0,1,1
1119,1,1,2
1122,1,1,2
1123,10,14,24
1125,0,2,2
1127,0,1,1
1128,1,2,3
1129,0,2,2
1131,1,1,2
1132,1,1,2
1133,0,1,1
1134,4,1,5
1135,0,1,1
1136,0,1,1
1137,2,3,5
1138,0,2,2
1139,2,0,2
1140,6,7,13
1142,0,1,1
1143,1,4,5
1144,4,6,10
1145,5,3,8
1146,1,4,5
1147,0,4,4
1148,0,3,3
1149,4,3,7
1152,5,1,6
1153,0,1,1
1155,1,1,2
1157,1,1,2
1159,1,1,2
1160,1,0,1
1166,2,3,5
1167,3,3,6
1168,2,2,4
1169,1,0,1
1171,1,3,4
1173,0,1,1
1174,2,1,3
1175,4,1,5
1177,1,0,1
1178,0,1,1
1179,0,1,1
1180,1,5,6
1181,9,10,19
1182,6,6,12
1183,2,0,2
1184,1,0,1
1185,1,4,5
1186,2,5,7
1187,6,5,11
1188,0,1,1
1190,21,12,33
1191,2,2,4
1192,7,2,9
1193,20,18,38
1194,6,9,15
1195,12,1,13
1196,53,86,139
1197,1,3,4
1198,5,3,8
1199,1,1,2
1200,0,1,1
1201,1,0,1
1202,1,0,1
1203,13,9,22
1206,0,4,4
1208,0,1,1
1210,6,2,8
1211,0,1,1
1212,0,2,2
1213,0,1,1
1220,1,0,1
1221,1,2,3
1222,0,17,17
1223,1,2,3
1224,7,6,13
1225,2,2,4
1226,4,2,6
1227,1,0,1
1228,0,3,3
1229,1,0,1
1230,0,2,2
1231,1,0,1
1232,1,1,2
1233,0,1,1
1234,2,0,2
1236,1,0,1
1239,1,2,3
1240,1,2,3
1241,1,1,2
1242,1,0,1
1243,1,0,1
1244,1,2,3
1245,1,2,3
1246,3,1,4
1247,0,2,2
1248,1,2,3
1249,1,2,3
1250,2,5,7
1251,2,1,3
1252,1,1,2
1253,0,2,2
1258,0,1,1
1259,0,1,1
1262,14,38,52
1263,36,31,67
1264,17,14,31
1266,8,5,13
1267,0,2,2
1270,0,1,1
1271,0,3,3
1272,16,7,23
1273,162,135,297
1274,1,1,2
1276,35,33,68
1279,0,3,3
1280,3,6,9
1281,1,2,3
1282,20,24,44
1283,10,16,26
1284,3,1,4
1285,3,1,4
1286,2,1,3
1287,2,1,3
1288,2,0,2
1289,0,2,2
1290,2,1,3
1291,4,2,6
1292,3,5,8
1293,0,7,7
1294,5,0,5
1295,83,52,135
1296,4,7,11
1297,5,8,13
1299,3,0,3
1300,1,8,9
1301,1,0,1
1302,0,1,1
1303,0,1,1
1305,1,5,6
1306,2,0,2
1307,1,1,2
1308,2,3,5
1309,1,1,2
1310,2,1,3
1311,6,8,14
1312,4,5,9
1313,4,11,15
1314,8,26,34
1315,3,0,3
1316,4,15,19
1317,2,9,11
1318,11,9,20
1319,15,4,19
1320,1,2,3
1321,2,1,3
1322,0,1,1
1324,1,0,1
1325,1,2,3
1327,0,2,2
1328,9,7,16
1329,3,1,4
1330,1,5,6
1333,0,1,1
1335,0,1,1
1336,0,2,2
1338,1,1,2
1339,2,8,10
1340,4,9,13
1341,1,1,2
1342,5,1,6
1343,5,2,7
1344,1,6,7
1345,9,6,15
1346,1,0,1
1347,1,1,2
1348,1,8,9
1349,3,6,9
1350,1,1,2
1351,14,13,27
1352,7,7,14
1353,0,1,1
1354,0,1,1
1355,2,0,2
1356,0,1,1
1357,0,1,1
1358,2,0,2
1359,0,1,1
1362,4,2,6
1363,1,9,10
1364,1,2,3
1365,3,7,10
1366,1,0,1
1367,37,38,75
1369,3,7,10
1370,2,2,4
1371,8,2,10
1372,1,1,2
1373,2,3,5
1376,0,1,1
1377,2,1,3
1379,5,1,6
1380,2,0,2
1381,0,3,3
1382,2,20,22
1384,2,3,5
1385,4,5,9
1386,1,1,2
1387,14,9,23
1388,1,8,9
1389,4,6,10
1390,140,82,222
1391,3,11,14
1392,1,3,4
1393,0,4,4
1394,186,97,283
1395,0,8,8
1396,3,1,4
1398,3,0,3
1403,0,4,4
1405,2,5,7
1406,30,27,57
1407,2,1,3
1409,0,2,2
1410,5,3,8
1411,22,7,29
1412,6,9,15
1413,5,5,10
1414,21,17,38
1415,0,6,6
1416,13,7,20
1417,18,18,36
1418,0,6,6
1419,25,15,40
1420,1,3,4
1421,4,3,7
1422,1,4,5
1423,2,3,5
1424,2,2,4
1425,3,7,10
1426,4,2,6
1427,1,2,3
1428,8,4,12
1429,0,7,7
1430,11,9,20
1431,2,2,4
1432,1,0,1
1433,7,5,12
1434,4,7,11
1435,4,2,6
1436,2,2,4
1437,1,2,3
1439,0,1,1
1440,1,2,3
1441,0,1,1
1442,0,1,1
1443,10,10,20
1444,0,1,1
1446,0,1,1
1447,1,0,1
1449,0,1,1
1451,17,12,29
1452,103,101,204
1453,0,1,1
1454,10,21,31
1455,0,4,4
1456,3,0,3
1457,1,1,2
1458,0,3,3
1459,2,0,2
1460,2,2,4
1461,0,1,1
1463,2,0,2
1464,0,3,3
1465,1,1,2
1466,12,16,28
1467,0,5,5
1468,2,0,2
1469,0,2,2
1474,3,4,7
1475,5,2,7
1476,7,12,19
1477,6,19,25
1478,2,2,4
1479,13,4,17
1480,1,1,2
1481,3,6,9
1482,6,7,13
1483,2,2,4
1484,46,46,92
1485,2,2,4
1486,2,4,6
1487,1,2,3
1488,0,3,3
1489,0,3,3
1490,0,1,1
1491,0,2,2
1495,1,0,1
1496,2,2,4
1498,4,0,4
1499,2,0,2
1500,1,4,5
1501,12,11,23
1502,2,1,3
1503,1,0,1
1504,5,7,12
1505,13,5,18
1506,11,9,20
1507,0,2,2
1508,2,5,7
1509,1,1,2
1511,2,4,6
1512,0,2,2
1513,0,3,3
1515,2,0,2
1516,1,2,3
1517,7,2,9
1518,10,8,18
1520,1,5,6
1521,20,27,47
1522,7,4,11
1523,15,46,61
1524,2,2,4
1525,7,1,8
1526,1,0,1
1527,2,4,6
1528,1,0,1
1534,1,0,1
1536,1,2,3
1539,7,10,17
1541,0,1,1
1543,2,0,2
1544,0,1,1
1546,0,2,2
1547,1,2,3
1548,0,1,1
1549,1,1,2
1550,2,2,4
1551,1,4,5
1552,3,4,7
1557,0,4,4
1558,8,7,15
1561,4,13,17
1563,2,1,3
1564,2,0,2
1565,1,3,4
1566,2,0,2
1568,0,1,1
1569,1,0,1
1570,2,2,4
1571,2,1,3
1572,116,86,202
1573,1,3,4
1574,5,12,17
1575,2,3,5
1576,0,2,2
1577,6,7,13
1578,119,77,196
1579,2,2,4
1580,2,3,5
1581,2,1,3
1582,7,9,16
1583,1,3,4
1584,30,26,56
1585,0,3,3
1588,4,7,11
1589,2,1,3
1590,30,22,52
1591,2,0,2
1592,0,3,3
1593,3,0,3
1594,0,2,2
1595,3,4,7
1596,1,0,1
1597,1,1,2
1598,0,4,4
1599,2,2,4
1601,1,2,3
1602,4,0,4
1603,2,0,2
1605,0,1,1
1606,0,1,1
1609,1,3,4
1610,0,2,2
1611,0,2,2
1612,1,2,3
1613,0,2,2
1614,2,3,5
1616,6,0,6
1618,0,2,2
1619,0,1,1
1620,7,12,19
1621,6,8,14
1622,0,1,1
1623,2,0,2
1624,0,2,2
1625,12,45,57
1626,14,13,27
1627,37,13,50
1628,44,19,63
1629,47,23,70
1630,1,0,1
1631,2,0,2
1634,0,1,1
1635,0,3,3
1637,0,1,1
1639,1,3,4
1640,6,12,18
1641,1,2,3
1642,0,1,1
1643,2,6,8
1644,1,4,5
1645,6,4,10
1647,2,2,4
1648,1,0,1
1649,1,2,3
1651,1,1,2
1652,6,6,12
1653,1,0,1
1656,0,1,1
1658,4,7,11
1660,0,4,4
1661,5,6,11
1662,0,1,1
1663,2,1,3
1664,2,0,2
1665,1,0,1
1666,2,9,11
1668,1,3,4
1669,2,2,4
1670,1,8,9
1671,11,6,17
1672,1,4,5
1673,0,1,1
1674,0,1,1
1675,2,2,4
1676,0,1,1
1677,1,1,2
1678,2,1,3
1679,0,1,1
1682,3,4,7
1683,2,2,4
1684,0,2,2
1685,0,1,1
1686,12,19,31
1687,0,1,1
1688,2,1,3
1689,3,6,9
1690,0,4,4
1691,3,3,6
1692,1,2,3
1693,0,4,4
1694,1,0,1
1695,1,0,1
1696,0,1,1
1697,1,3,4
1698,8,10,18
1699,1,0,1
1700,0,1,1
1701,2,4,6
1702,0,1,1
1703,1,1,2
1705,0,4,4
1707,7,17,24
1708,1,1,2
1709,8,6,14
1710,4,23,27
1713,5,29,34
1714,2,1,3
1717,1,1,2
1718,2,0,2
1719,0,3,3
1720,2,2,4
1721,5,1,6
1722,0,4,4
1723,6,12,18
1724,28,59,87
1725,3,1,4
1726,0,3,3
1727,0,2,2
1728,16,16,32
1729,10,35,45
1730,0,1,1
1732,11,21,32
1733,1,1,2
1734,13,19,32
1735,0,2,2
1736,5,4,9
1737,5,13,18
1738,9,14,23
1741,12,31,43
1742,2,4,6
1743,20,53,73
1744,0,2,2
1745,3,1,4
1746,1,2,3
1748,1,3,4
1749,1,1,2
1750,9,1,10
1753,1,2,3
1756,1,1,2
1758,1,2,3
1759,0,6,6
1760,5,2,7
1761,2,2,4
1762,23,9,32
1763,10,6,16
1764,3,5,8
1765,25,37,62
1766,2,2,4
1767,4,2,6
1768,0,1,1
1769,2,6,8
1770,2,1,3
1773,6,2,8
1774,0,1,1
1775,1,4,5
1776,1,0,1
1777,1,2,3
1781,0,1,1
1782,0,1,1
1783,1,2,3
1784,2,2,4
1785,2,6,8
1786,3,5,8
1787,4,17,21
1788,1,0,1
1789,2,1,3
1791,2,5,7
1793,0,3,3
1794,1,3,4
1795,0,3,3
1796,1,2,3
1797,0,1,1
1798,1,1,2
1799,3,1,4
1800,1,1,2
1801,1,3,4
1802,0,1,1
1803,2,0,2
1808,2,0,2
1809,0,1,1
1811,3,4,7
1813,2,1,3
1814,1,1,2
1815,0,1,1
1819,0,1,1
1820,1,1,2
1821,2,4,6
1822,1,3,4
1823,3,1,4
1824,1,1,2
1825,2,4,6
1826,3,5,8
1827,2,1,3
1828,5,2,7
1829,0,1,1
1832,1,0,1
1837,0,1,1
1840,3,5,8
1841,1,1,2
1842,0,1,1
1844,10,18,28
1845,3,8,11
1846,4,5,9
1847,0,2,2
1848,0,2,2
1849,0,4,4
1850,5,4,9
1851,8,6,14
1852,0,1,1
1855,1,1,2
1856,8,7,15
1857,0,1,1
1858,15,3,18
1859,0,1,1
1860,1,0,1
1861,1,1,2
1863,7,5,12
1864,1,1,2
1865,4,0,4
1866,15,43,58
1867,19,22,41
1868,2,2,4
1869,0,4,4
1870,0,3,3
1872,0,1,1
1874,0,1,1
1875,0,1,1
1876,1,5,6
1877,0,1,1
1878,0,1,1
1879,2,1,3
1880,0,3,3
1881,0,1,1
1883,0,3,3
1886,1,1,2
1888,8,10,18
1889,0,3,3
1890,0,3,3
1891,2,1,3
1892,4,2,6
1893,1,2,3
1894,0,1,1
1895,0,3,3
1896,0,2,2
1897,1,1,2
1898,3,3,6
1899,2,2,4
1900,1,4,5
1902,28,55,83
1903,4,1,5
1904,0,2,2
1905,1,0,1
1906,0,3,3
1907,0,2,2
1908,5,12,17
1909,0,1,1
1910,4,9,13
1911,3,5,8
1912,0,3,3
1913,7,6,13
1915,9,5,14
1916,5,10,15
1917,0,2,2
1919,1,2,3
1920,3,3,6
1921,0,2,2
1923,0,1,1
1924,1,1,2
1926,3,7,10
1928,0,1,1
1930,16,3,19
1931,5,6,11
1932,17,32,49
1933,5,8,13
1934,29,29,58
1935,0,4,4
1936,16,5,21
1937,5,11,16
1938,0,5,5
1939,19,36,55
1940,5,13,18
1941,0,1,1
1944,15,34,49
1945,17,20,37
1946,0,3,3
1948,4,11,15
1949,4,6,10
1950,0,1,1
1951,1,1,2
1952,0,1,1
1953,10,4,14
1954,0,6,6
1955,1,2,3
1957,2,1,3
1958,3,3,6
1959,3,2,5
1960,1,0,1
1962,0,1,1
1963,4,1,5
1964,0,7,7
1966,1,0,1
1967,1,4,5
1968,2,0,2
1969,4,4,8
1970,89,61,150
1971,2,9,11
1972,0,4,4
1973,0,4,4
1974,2,1,3
1975,23,18,41
1976,1,2,3
1977,1,2,3
1978,0,4,4
1979,1,7,8
1980,1,0,1
1981,1,2,3
1982,2,3,5
1985,8,14,22
1986,1,4,5
1987,1,0,1
1988,0,2,2
1990,1,0,1
1991,4,0,4
1992,0,1,1
1994,1,0,1
1995,1,1,2
1996,1,4,5
1997,0,2,2
1998,2,0,2
2000,1,0,1
2001,0,1,1
2002,6,10,16
2003,16,10,26
2004,3,3,6
2005,38,26,64
2006,3,3,6
2007,63,55,118
2008,2,8,10
2009,4,2,6
2011,1,1,2
2012,0,4,4
2013,2,6,8
2014,1,2,3
2015,0,2,2
2016,3,4,7
2017,3,1,4
2018,1,8,9
2019,1,2,3
2020,0,1,1
2023,2,3,5
2024,1,7,8
2025,2,3,5
2027,0,1,1
2028,0,4,4
2029,3,4,7
2030,0,2,2
2031,1,2,3
2032,1,3,4
2034,10,3,13
2035,2,1,3
2036,5,10,15
2040,2,3,5
2041,2,10,12
2042,1,4,5
2043,1,1,2
2044,0,2,2
2045,6,12,18
2046,1,0,1
2047,1,1,2
2048,2,0,2
2049,0,1,1
2050,1,0,1
2051,0,2,2
2052,16,40,56
2053,2,4,6
2054,26,17,43
2055,3,3,6
2056,3,6,9
2057,1,1,2
2060,1,0,1
2061,5,5,10
2062,6,6,12
2063,0,3,3
2064,12,10,22
2065,10,1,11
2066,9,15,24
2067,0,2,2
2068,1,6,7
2069,2,30,32
2070,3,4,7
2071,15,9,24
2072,0,1,1
2074,108,58,166
2075,1,1,2
2076,1,4,5
2078,0,2,2
2079,0,3,3
2081,2,2,4
2082,1,1,2
2083,2,3,5
2084,1,1,2
2085,5,3,8
2086,0,1,1
2087,0,1,1
2088,1,0,1
2089,6,1,7
2090,4,2,6
2091,1,5,6
2092,33,25,58
2093,2,4,6
2094,18,35,53
2095,2,1,3
2096,2,0,2
2097,0,1,1
2098,0,9,9
2099,3,4,7
2100,1,1,2
2101,9,13,22
2102,2,1,3
2109,1,0,1
2110,0,2,2
2111,9,13,22
2113,1,1,2
2116,0,1,1
2119,3,5,8
2120,4,15,19
2121,0,2,2
2122,3,2,5
2123,1,0,1
2124,1,1,2
2125,1,0,1
2126,1,0,1
2128,0,1,1
2130,1,3,4
2131,17,10,27
2132,0,1,1
2133,0,2,2
2134,0,3,3
2135,2,0,2
2136,1,2,3
2140,6,3,9
2141,0,1,1
2142,10,3,13
2143,2,1,3
2144,0,4,4
2145,4,5,9
2146,2,7,9
2147,24,50,74
2148,1,11,12
2149,0,3,3
2150,6,14,20
2151,0,4,4
2152,18,20,38
2153,0,3,3
2154,0,5,5
2155,2,2,4
2156,1,9,10
2157,4,5,9
2158,0,2,2
2159,3,6,9
2160,0,1,1
2161,0,6,6
2162,0,1,1
2163,2,5,7
2164,1,2,3
2165,1,1,2
2166,0,1,1
2167,3,10,13
2169,0,1,1
2170,0,3,3
2171,2,6,8
2173,0,1,1
2174,0,2,2
2176,1,4,5
2177,4,8,12
2178,10,5,15
2179,1,0,1
2180,1,5,6
2181,0,3,3
2182,0,1,1
2183,1,3,4
2184,0,1,1
2185,2,5,7
2187,1,5,6
2189,0,1,1
2190,2,7,9
2191,2,4,6
2192,3,1,4
2193,5,4,9
2194,3,0,3
2195,2,0,2
2196,4,0,4
2197,5,0,5
2198,0,1,1
2199,3,2,5
2200,1,2,3
2201,1,8,9
2202,1,0,1
2203,1,3,4
2204,1,1,2
2205,11,4,15
2206,9,17,26
2207,5,10,15
2208,1,5,6
2209,1,1,2
2210,11,6,17
2211,0,4,4
2212,1,4,5
2213,0,1,1
2216,0,2,2
2217,1,2,3
2219,0,1,1
2220,7,26,33
2221,0,1,1
2222,0,2,2
2226,3,1,4
2227,1,3,4
2228,0,1,1
2229,0,2,2
2230,0,1,1
2232,1,0,1
2233,1,2,3
2235,1,0,1
2240,1,2,3
2242,0,1,1
2243,1,2,3
2244,3,3,6
2245,3,1,4
2246,1,1,2
2248,0,1,1
2249,0,1,1
2250,2,1,3
2251,3,5,8
2252,0,7,7
2253,2,3,5
2254,1,2,3
2256,1,1,2
2257,1,0,1
2258,2,1,3
2259,0,1,1
2260,0,2,2
2261,0,2,2
2262,3,1,4
2263,1,0,1
2264,4,2,6
2265,2,15,17
2267,1,2,3
2269,4,10,14
2270,0,1,1
2271,1,2,3
2272,4,5,9
2273,1,1,2
2276,1,2,3
2278,1,3,4
2279,1,0,1
2280,0,1,1
2281,1,0,1
2284,0,2,2
2285,1,4,5
2286,0,3,3
2287,1,2,3
2288,1,1,2
2289,2,9,11
2291,2,0,2
2292,6,8,14
2293,0,5,5
2294,3,0,3
2295,7,10,17
2296,0,2,2
2297,2,3,5
2298,3,6,9
2299,2,1,3
2300,3,6,9
2302,0,1,1
2303,1,6,7
2304,1,0,1
2307,1,2,3
2308,7,5,12
2309,1,1,2
2310,15,37,52
2312,0,2,2
2313,4,11,15
2314,3,0,3
2315,5,1,6
2316,3,3,6
2317,1,2,3
2318,2,1,3
2319,3,8,11
2320,2,10,12
2321,3,1,4
2322,4,6,10
2323,1,0,1
2324,15,3,18
2325,3,4,7
2326,5,6,11
2327,0,2,2
2328,3,5,8
2329,3,5,8
2330,0,1,1
2332,19,12,31
2333,3,3,6
2334,2,3,5
2335,7,21,28
2336,8,6,14
2337,19,26,45
2338,6,10,16
2339,7,8,15
2341,5,5,10
2342,31,16,47
2343,4,10,14
2344,1,2,3
2345,2,1,3
2346,1,6,7
2347,3,1,4
2348,0,1,1
2349,5,0,5
2352,0,2,2
2354,0,2,2
2355,1,2,3
2356,0,2,2
2357,3,14,17
2358,1,5,6
2359,1,2,3
2360,1,1,2
2363,5,5,10
2364,0,1,1
2365,0,1,1
2366,18,17,35
2367,2,7,9
2368,0,1,1
2369,3,8,11
2370,1,4,5
2371,1,1,2
2372,0,1,1
2373,0,4,4
2374,0,1,1
2376,3,1,4
2377,6,11,17
2378,4,1,5
2379,20,14,34
2380,1,3,4
2381,0,2,2
2382,0,1,1
2384,2,3,5
2385,1,0,1
2386,0,3,3
2388,1,0,1
2390,0,3,3
2391,1,0,1
2392,4,4,8
2393,1,0,1
2394,0,1,1
2395,0,1,1
2396,0,2,2
2397,0,1,1
2400,1,0,1
2401,1,2,3
2402,1,2,3
2403,0,3,3
2404,2,4,6
2405,2,2,4
2408,0,1,1
2409,1,0,1
2411,2,3,5
2412,0,4,4
2413,1,2,3
2417,31,33,64
2419,0,1,1
2420,1,0,1
2421,0,2,2
2422,1,4,5
2423,3,3,6
2424,6,2,8
2425,1,1,2
2426,1,1,2
2427,0,1,1
2428,0,1,1
2429,0,2,2
2430,0,2,2
2431,23,20,43
2432,10,7,17
2433,4,6,10
2434,4,6,10
2435,8,5,13
2436,2,14,16
2437,6,9,15
2438,2,5,7
2439,5,4,9
2440,2,0,2
2441,0,1,1
2442,1,2,3
2446,3,7,10
2447,0,2,2
2448,0,1,1
2449,1,2,3
2450,0,2,2
2452,0,1,1
2453,2,1,3
2454,2,5,7
2455,0,4,4
2456,1,2,3
2457,1,0,1
2458,2,2,4
2459,4,4,8
2461,1,1,2
2462,0,1,1
2463,0,1,1
2465,2,1,3
2466,3,0,3
2467,0,1,1
2468,2,2,4
2469,0,2,2
2470,2,4,6
2471,1,2,3
2472,1,0,1
2473,0,1,1
2474,3,4,7
2475,0,3,3
2476,0,3,3
2477,0,1,1
2478,0,2,2
2479,1,1,2
2480,2,2,4
2482,36,22,58
2483,1,2,3
2485,0,1,1
2486,1,4,5
2488,2,2,4
2489,4,2,6
2490,34,39,73
2491,0,1,1
2493,0,1,1
2494,5,41,46
2495,0,1,1
2497,0,5,5
2498,1,0,1
2501,2,1,3
2502,1,1,2
2503,1,3,4
2504,0,6,6
2505,1,2,3
2506,3,2,5
2507,3,1,4
2508,2,0,2
2510,1,0,1
2512,0,1,1
2513,0,5,5
2514,1,0,1
2515,0,1,1
2517,0,4,4
2518,1,1,2
2519,0,2,2
2520,0,1,1
2522,10,10,20
2523,0,3,3
2524,0,2,2
2525,4,4,8
2526,0,1,1
2527,2,4,6
2528,0,2,2
2529,2,6,8
2530,0,4,4
2531,0,1,1
2532,1,0,1
2535,3,1,4
2537,0,1,1
2538,2,7,9
2539,3,6,9
2540,8,16,24
2541,0,3,3
2542,1,0,1
2543,3,0,3
2545,1,5,6
2546,1,2,3
2549,1,2,3
2550,0,3,3
2551,3,3,6
2552,0,4,4
2554,0,1,1
2555,1,2,3
2556,1,0,1
2557,3,6,9
2560,3,0,3
2561,37,15,52
2562,0,2,2
2564,1,1,2
2567,0,1,1
2568,1,0,1
2569,1,0,1
2570,4,7,11
2571,2,16,18
2572,2,8,10
2573,2,8,10
2574,1,13,14
2575,5,7,12
2577,5,5,10
2578,9,16,25
2579,1,5,6
2580,0,2,2
2581,0,2,2
2582,0,1,1
2583,0,5,5
2584,2,1,3
2586,1,1,2
2587,0,1,1
2588,1,1,2
2589,0,1,1
2590,1,0,1
2591,1,0,1
2594,1,2,3
2595,0,1,1
2596,1,1,2
2597,0,1,1
2598,2,2,4
2599,2,3,5
2600,4,1,5
2601,1,4,5
2602,8,6,14
2603,1,2,3
2604,29,14,43
2605,8,11,19
2606,3,4,7
2607,0,3,3
2608,1,3,4
2609,3,5,8
2610,0,1,1
2611,0,2,2
2612,0,1,1
2613,1,0,1
2614,2,0,2
2615,0,1,1
2617,1,5,6
2619,1,0,1
2620,7,6,13
2621,7,1,8
2622,0,2,2
2623,0,2,2
2624,5,2,7
2625,1,1,2
2626,0,1,1
2627,16,16,32
2629,0,1,1
2631,0,4,4
2632,3,4,7
2633,0,4,4
2634,0,2,2
2635,1,0,1
2637,0,1,1
2638,2,8,10
2639,2,8,10
2640,20,25,45
2641,28,30,58
2642,27,27,54
2643,39,18,57
2644,55,27,82
2645,53,28,81
2646,19,27,46
2647,5,14,19
2648,2,3,5
2649,2,6,8
2650,3,1,4
2651,2,4,6
2652,1,1,2
2653,0,5,5
2654,3,11,14
2655,6,15,21
2656,0,1,1
2657,2,2,4
2658,0,1,1
2659,3,6,9
2660,0,1,1
2661,3,2,5
2662,0,1,1
2663,1,3,4
2664,0,1,1
2665,1,1,2
2666,1,2,3
2667,1,2,3
2670,1,7,8
2671,1,1,2
2673,1,0,1
2674,2,7,9
2675,1,4,5
2676,2,5,7
2677,0,1,1
2678,0,7,7
2679,3,6,9
2680,0,4,4
2681,2,2,4
2682,0,2,2
2683,3,1,4
2684,0,1,1
2685,1,2,3
2686,0,3,3
2690,2,3,5
2691,2,1,3
2694,0,1,1
2695,5,4,9
2696,0,1,1
2697,2,0,2
2698,1,0,1
2699,1,1,2
2700,4,4,8
2701,9,8,17
2702,7,11,18
2703,16,34,50
2704,3,3,6
2707,1,0,1
2708,4,8,12
2709,1,2,3
2710,0,1,1
2711,1,0,1
2712,2,2,4
2713,1,3,4
2714,3,6,9
2715,1,3,4
2716,1,5,6
2717,0,1,1
2718,0,1,1
2719,3,2,5
2720,18,23,41
2721,4,7,11
2722,2,2,4
2723,1,2,3
2724,2,3,5
2725,1,3,4
2726,2,1,3
2727,1,1,2
2728,1,3,4
2729,2,3,5
2731,0,1,1
2732,2,4,6
2733,0,1,1
2735,1,1,2
2736,1,2,3
2737,1,1,2
2738,2,1,3
2740,0,5,5
2741,3,4,7
2742,111,107,218
2743,3,8,11
2744,3,2,5
2745,2,6,8
2746,1,1,2
2747,0,6,6
2748,5,5,10
2749,2,3,5
2750,1,0,1
2751,1,10,11
2752,1,2,3
2753,4,3,7
2754,1,6,7
2755,0,1,1
2757,2,5,7
2758,0,3,3
2759,31,18,49
2760,0,3,3
2761,3,1,4
2762,4,5,9
2763,1,3,4
2764,1,0,1
2765,2,3,5
2766,1,0,1
2767,4,1,5
2768,2,1,3
2770,1,2,3
2771,0,2,2
2772,1,1,2
2773,14,7,21
2775,1,1,2
2777,1,9,10
2778,2,5,7
2780,1,3,4
2781,14,11,25
2782,0,6,6
2783,1,1,2
2784,7,4,11
2785,3,2,5
2786,4,0,4
2787,1,7,8
2788,0,2,2
2789,0,1,1
2791,0,1,1
2792,1,1,2
2793,24,48,72
2794,2,2,4
2796,0,1,1
2797,0,3,3
2798,0,2,2
2799,1,1,2
2800,6,0,6
2801,9,12,21
2803,1,3,4
2805,5,4,9
2806,7,7,14
2807,8,6,14
2808,5,5,10
2809,2,3,5
2810,20,3,23
2811,8,3,11
2812,1,2,3
2813,0,2,2
2814,38,40,78
2815,19,12,31
2816,2,2,4
2817,0,2,2
2818,0,5,5
2819,64,40,104
2822,0,1,1
2823,1,2,3
2824,1,1,2
2826,1,2,3
2828,1,0,1
2829,0,2,2
2830,7,8,15
2831,4,5,9
2832,8,19,27
2833,1,2,3
2834,0,2,2
2835,19,21,40
2836,13,7,20
2837,3,5,8
2838,7,6,13
2839,7,4,11
2840,1,2,3
2841,0,2,2
2842,8,11,19
2843,1,0,1
2844,0,1,1
2845,0,1,1
2846,0,1,1
2847,2,0,2
2848,5,8,13
2849,4,6,10
2851,0,1,1
2852,4,6,10
2854,0,3,3
2855,5,8,13
2856,0,1,1
2857,5,8,13
2858,1,1,2
2859,3,3,6
2860,2,4,6
2861,2,2,4
2863,0,3,3
2864,1,0,1
2867,2,6,8
2869,0,2,2
2871,6,8,14
2873,6,9,15
2874,0,3,3
2877,1,7,8
2878,0,1,1
2879,0,5,5
2880,1,2,3
2881,1,2,3
2882,0,1,1
2883,4,30,34
2884,1,0,1
2885,0,3,3
2886,2,5,7
2887,3,7,10
2888,4,5,9
2889,0,2,2
2891,2,0,2
2892,0,2,2
2895,2,1,3
2896,6,4,10
2897,4,11,15
2898,1,1,2
2899,2,4,6
2901,1,0,1
2903,1,0,1
2904,5,8,13
2905,0,3,3
2906,27,34,61
2907,1,3,4
2908,1,3,4
2910,0,2,2
2911,1,1,2
2912,2,3,5
2913,4,7,11
2914,2,3,5
2917,0,3,3
2918,6,6,12
2919,26,19,45
2920,0,1,1
2921,1,16,17
2922,9,6,15
2923,81,50,131
2925,2,4,6
2926,1,2,3
2927,1,1,2
2928,0,1,1
2929,0,3,3
2931,0,2,2
2932,2,0,2
2933,4,1,5
2934,3,2,5
2935,2,1,3
2936,2,0,2
2938,26,30,56
2939,2,2,4
2940,1,0,1
2941,0,1,1
2942,2,5,7
2944,1,0,1
2946,1,1,2
2947,1,1,2
2948,1,1,2
2950,4,3,7
2951,3,8,11
2952,5,4,9
2953,158,98,256
2954,11,39,50
2955,2,2,4
2956,0,2,2
2957,19,24,43
2958,5,4,9
2961,1,0,1
2962,0,1,1
2963,8,9,17
2964,1,0,1
2965,4,11,15
2966,1,2,3
2970,1,1,2
2971,1,2,3
2972,0,2,2
2973,0,1,1
2974,1,0,1
2975,2,3,5
2976,1,0,1
2977,0,2,2
2978,1,1,2
2979,2,5,7
2980,0,3,3
2981,0,1,1
2983,0,2,2
2984,0,1,1
2986,0,1,1
2987,1,3,4
2988,2,2,4
2990,3,1,4
2991,1,0,1
2992,1,0,1
2993,1,2,3
2994,1,0,1
2995,19,24,43
2996,2,6,8
2998,1,2,3
2999,4,3,7
3000,0,5,5
3001,0,1,1
3002,0,1,1
3003,2,0,2
3004,1,1,2
3005,104,200,304
3006,20,17,37
3007,0,1,1
3008,4,2,6
3009,1,1,2
3010,1,1,2
3011,2,5,7
3012,2,1,3
3013,2,5,7
3014,0,2,2
3015,2,0,2
3017,0,1,1
3018,0,1,1
3019,0,2,2
3023,0,1,1
3025,0,1,1
3026,4,2,6
3027,1,2,3
3028,0,3,3
3029,0,4,4
3030,1,1,2
3031,2,4,6
3032,2,0,2
3033,1,1,2
3034,1,2,3
3035,1,4,5
3036,1,2,3
3037,1,0,1
3038,2,1,3
3039,0,1,1
3040,1,1,2
3041,1,2,3
3042,41,49,90
3043,0,1,1
3044,0,1,1
3046,7,14,21
3047,0,2,2
3048,2,4,6
3049,4,0,4
3050,0,2,2
3051,38,48,86
3053,1,0,1
3054,0,3,3
3055,1,0,1
3056,2,1,3
3057,9,7,16
3058,1,3,4
3059,4,2,6
3063,0,1,1
3065,0,8,8
3068,0,1,1
3070,5,7,12
3071,2,11,13
3072,0,4,4
3074,2,4,6
3075,2,3,5
3076,0,4,4
3079,0,2,2
3080,6,12,18
3081,6,4,10
3082,14,13,27
3083,3,4,7
3084,2,3,5
3085,4,10,14
3086,3,1,4
3087,1,7,8
3088,47,28,75
3089,17,8,25
3090,12,23,35
3091,9,7,16
3092,24,33,57
3093,2,1,3
3094,0,1,1
3095,3,8,11
3096,4,4,8
3097,1,4,5
3098,10,33,43
3099,18,22,40
3100,0,3,3
3101,1,1,2
3102,0,2,2
3103,1,0,1
3105,5,8,13
3106,8,9,17
3107,2,1,3
3108,1,4,5
3109,4,10,14
3110,3,6,9
3111,3,2,5
3112,8,12,20
3113,4,5,9
3114,0,1,1
3115,1,3,4
3116,5,8,13
3117,2,0,2
3118,1,1,2
3119,1,2,3
3123,0,1,1
3124,1,0,1
3125,2,1,3
3126,3,0,3
3127,1,0,1
3128,0,2,2
3129,3,2,5
3132,0,3,3
3133,1,2,3
3134,2,2,4
3135,3,2,5
3136,6,12,18
3137,2,4,6
3139,0,2,2
3144,4,6,10
3145,2,4,6
3146,14,13,27
3147,11,4,15
3148,5,3,8
3149,3,4,7
3150,0,1,1
3151,23,15,38
3152,1,0,1
3153,0,5,5
3154,0,1,1
3155,12,12,24
3156,0,5,5
3157,2,1,3
3158,1,3,4
3159,4,6,10
3160,1,3,4
3161,1,2,3
3162,1,2,3
3164,1,0,1
3165,0,1,1
3166,0,3,3
3167,2,3,5
3168,55,42,97
3169,17,12,29
3170,8,7,15
3171,10,2,12
3172,0,2,2
3173,0,1,1
3175,0,1,1
3176,1,4,5
3177,0,1,1
3179,2,1,3
3180,4,0,4
3183,3,4,7
3185,3,2,5
3187,1,2,3
3188,0,1,1
3189,2,1,3
3190,10,10,20
3191,32,11,43
3192,18,38,56
3193,2,3,5
3194,0,3,3
3195,0,2,2
3196,4,11,15
3197,0,1,1
3198,6,6,12
3199,2,1,3
3200,1,0,1
3201,25,29,54
3203,0,2,2
3204,1,2,3
3205,13,8,21
3206,2,1,3
3207,1,1,2
3208,4,2,6
3209,3,3,6
3211,2,1,3
3212,0,2,2
3213,8,3,11
3214,0,1,1
3215,1,2,3
3216,0,1,1
3217,5,3,8
3218,3,4,7
3219,1,0,1
3220,1,2,3
3221,0,1,1
3222,3,1,4
3223,2,1,3
3224,0,2,2
3225,2,7,9
3226,0,3,3
3227,6,8,14
3228,3,10,13
3233,2,1,3
3234,1,1,2
3235,1,1,2
3236,1,0,1
3237,1,0,1
3238,1,1,2
3240,0,2,2
3241,12,11,23
3242,0,1,1
3243,0,4,4
3244,1,2,3
3246,0,3,3
3247,0,1,1
3248,1,0,1
3249,1,0,1
3250,2,0,2
3251,2,10,12
3252,0,1,1
3253,0,2,2
3254,0,3,3
3255,1,0,1
3256,0,1,1
3257,3,4,7
3259,0,1,1
3260,0,1,1
3261,0,2,2
3263,26,22,48
3264,1,0,1
3265,1,1,2
3266,0,1,1
3267,0,1,1
3268,1,0,1
3270,1,0,1
3271,2,5,7
3272,1,1,2
3274,0,2,2
3275,2,1,3
3276,2,7,9
3277,10,13,23
3278,24,14,38
3279,0,1,1
3280,2,0,2
3281,3,2,5
3282,13,64,77
3283,3,2,5
3284,3,8,11
3285,1,4,5
3286,1,1,2
3287,15,9,24
3288,4,15,19
3289,0,1,1
3290,1,1,2
3291,1,1,2
3292,0,1,1
3293,1,3,4
3294,1,7,8
3295,5,4,9
3296,0,1,1
3297,0,4,4
3298,10,22,32
3299,1,1,2
3301,1,2,3
3302,6,8,14
3303,0,2,2
3304,2,2,4
3305,0,2,2
3307,0,1,1
3308,0,1,1
3309,6,17,23
3310,1,5,6
3311,1,5,6
3312,12,23,35
3313,0,1,1
3315,2,3,5
3316,12,7,19
3318,2,1,3
3319,9,13,22
3320,5,6,11
3321,8,6,14
3322,0,1,1
3323,2,4,6
3324,0,3,3
3325,2,8,10
3326,2,2,4
3327,2,2,4
3329,0,1,1
3330,0,2,2
3331,0,2,2
3332,1,3,4
3333,3,0,3
3334,7,15,22
3335,0,2,2
3336,16,8,24
3337,1,3,4
3338,0,2,2
3339,0,5,5
3340,12,16,28
3341,13,12,25
3342,0,1,1
3343,1,3,4
3344,0,1,1
3345,2,7,9
3346,0,1,1
3347,0,1,1
3348,15,7,22
3349,0,1,1
3350,1,1,2
3352,1,0,1
3353,1,4,5
3354,3,1,4
3355,1,1,2
3356,7,14,21
3357,2,3,5
3358,0,2,2
3359,1,0,1
3360,1,3,4
3363,6,8,14
3364,0,3,3
3365,0,1,1
3366,1,0,1
3367,1,1,2
3368,0,5,5
3369,0,1,1
3370,3,1,4
3371,1,0,1
3372,0,2,2
3373,0,1,1
3374,1,0,1
3375,0,1,1
3376,1,1,2
3377,1,3,4
3378,13,15,28
3379,3,6,9
3380,0,1,1
3381,2,6,8
3382,0,1,1
3383,1,1,2
3384,0,2,2
3385,2,3,5
3386,6,9,15
3387,112,145,257
3389,1,1,2
3390,1,2,3
3392,0,1,1
3393,0,1,1
3394,1,1,2
3395,0,1,1
3396,3,0,3
3397,1,2,3
3398,1,1,2
3399,16,26,42
3400,1,0,1
3401,1,2,3
3403,0,2,2
3404,2,13,15
3405,0,1,1
3406,1,3,4
3407,0,2,2
3408,2,2,4
3410,0,1,1
3411,8,8,16
3412,1,1,2
3414,2,6,8
3415,0,2,2
3416,79,40,119
3417,0,1,1
3418,5,3,8
3420,4,3,7
3421,0,1,1
3422,0,1,1
3424,1,1,2
3425,1,1,2
3426,1,1,2
3428,0,2,2
3429,1,1,2
3430,0,1,1
3431,1,3,4
3432,15,12,27
3434,1,0,1
3435,5,8,13
3436,6,14,20
3437,5,7,12
3438,2,6,8
3439,0,15,15
3440,8,5,13
3441,0,3,3
3442,3,0,3
3443,2,3,5
3444,2,10,12
3445,2,1,3
3446,1,0,1
3447,0,1,1
3448,1,1,2
3449,1,0,1
3450,0,1,1
3451,12,11,23
3452,0,1,1
3453,0,2,2
3454,0,2,2
3456,4,2,6
3457,1,0,1
3458,4,3,7
3460,1,0,1
3461,9,2,11
3462,2,1,3
3463,3,0,3
3465,1,1,2
3466,0,1,1
3467,0,3,3
3468,2,0,2
3469,0,2,2
3470,0,1,1
3471,0,1,1
3472,2,1,3
3476,5,5,10
3477,3,4,7
3478,4,5,9
3479,13,14,27
3480,1,0,1
3481,0,1,1
3482,2,6,8
3484,4,16,20
3485,1,1,2
3486,1,1,2
3487,0,2,2
3488,1,1,2
3489,0,4,4
3490,1,2,3
3491,0,1,1
3492,0,1,1
3493,0,1,1
3494,0,1,1
3495,1,1,2
3496,1,5,6
3497,1,6,7
3498,1,0,1
3499,5,3,8
3500,0,1,1
3501,2,4,6
3502,7,13,20
3503,0,1,1
3504,1,2,3
3505,2,1,3
3506,1,8,9
3507,2,2,4
3508,2,7,9
3509,2,4,6
3510,0,6,6
3511,3,3,6
3512,3,10,13
3513,1,1,2
3514,2,0,2
3519,1,1,2
3522,2,1,3
3525,0,1,1
3526,1,1,2
3527,2,2,4
3528,1,0,1
3529,1,2,3
3530,1,2,3
3531,1,4,5
3532,4,5,9
3533,2,0,2
3534,2,0,2
3535,2,14,16
3536,35,35,70
3537,21,9,30
3538,3,2,5
3539,0,3,3
3540,2,9,11
3541,2,0,2
3542,0,1,1
3543,1,1,2
3544,4,2,6
3545,3,2,5
3546,27,43,70
3548,2,4,6
3550,0,2,2
3551,2,3,5
3552,0,6,6
3553,1,1,2
3554,0,1,1
3555,1,2,3
3556,1,3,4
3558,1,0,1
3559,3,0,3
3560,2,0,2
3562,10,4,14
3563,2,2,4
3564,0,1,1
3565,1,1,2
3566,2,1,3
3567,1,0,1
3569,1,0,1
3570,12,3,15
3571,0,1,1
3572,0,1,1
3573,1,2,3
3574,7,3,10
3576,1,8,9
3577,0,1,1
3578,1,3,4
3579,1,1,2
3580,1,3,4
3581,9,10,19
3582,2,2,4
3583,4,8,12
3584,2,5,7
3585,0,5,5
3589,2,5,7
3590,3,2,5
3591,1,1,2
3592,32,50,82
3593,1,2,3
3594,3,3,6
3595,4,10,14
3596,0,3,3
3597,4,2,6
3598,6,5,11
3599,12,11,23
3600,2,3,5
3601,1,1,2
3602,0,5,5
3603,1,0,1
3604,6,2,8
3605,22,16,38
3606,22,24,46
3608,1,3,4
3609,0,1,1
3610,0,2,2
3611,0,3,3
3612,2,3,5
3613,0,1,1
3614,0,1,1
3615,1,5,6
3617,8,3,11
3618,1,1,2
3619,1,2,3
3620,5,3,8
3621,1,11,12
3622,1,5,6
3623,3,9,12
3624,11,8,19
3625,3,7,10
3626,1,2,3
3627,17,10,27
3629,0,2,2
3632,0,1,1
3633,4,5,9
3634,2,6,8
3635,2,1,3
3636,4,9,13
3637,0,3,3
3638,0,1,1
3639,1,3,4
3640,1,5,6
3641,1,1,2
3642,4,5,9
3644,1,2,3
3645,1,1,2
3646,4,3,7
3647,2,3,5
3649,1,1,2
3650,1,1,2
3651,17,9,26
3652,20,31,51
3653,0,1,1
3654,5,5,10
3655,7,4,11
3659,1,7,8
3660,6,7,13
3661,1,5,6
3662,0,5,5
3663,0,1,1
3667,0,1,1
3669,2,0,2
3670,1,1,2
3671,2,1,3
3672,2,2,4
3673,1,0,1
3674,3,2,5
3675,1,4,5
3676,5,9,14
3677,18,28,46
3678,0,3,3
3679,1,3,4
3680,1,2,3
3681,2,3,5
3682,1,0,1
3683,0,4,4
3684,1,4,5
3685,2,5,7
3687,38,11,49
3688,0,2,2
3689,10,16,26
3690,4,12,16
3691,1,7,8
3692,1,5,6
3693,2,5,7
3694,0,2,2
3695,9,9,18
3697,0,1,1
3698,1,1,2
3699,87,62,149
3700,0,1,1
3701,3,2,5
3702,1,1,2
3703,3,3,6
3704,8,7,15
3705,22,14,36
3707,1,9,10
3709,1,1,2
3711,17,25,42
3712,2,4,6
3714,0,3,3
3715,6,4,10
3716,5,7,12
3717,3,1,4
3718,2,4,6
3719,6,21,27
3720,2,3,5
3721,3,0,3
3722,7,11,18
3723,3,3,6
3724,2,7,9
3725,0,4,4
3726,1,3,4
3727,7,3,10
3728,1,4,5
3729,6,14,20
3730,1,0,1
3731,3,3,6
3732,13,18,31
3734,0,1,1
3736,13,7,20
3738,1,0,1
3739,1,0,1
3740,5,1,6
3741,1,0,1
3742,21,26,47
3743,5,3,8
3744,2,3,5
3745,0,1,1
3747,2,1,3
3748,0,1,1
3749,2,14,16
3750,0,1,1
3751,1,1,2
3754,0,1,1
3755,1,1,2
3758,1,1,2
3760,5,9,14
3761,14,7,21
3765,4,0,4
3767,0,1,1
3768,0,3,3
3769,2,0,2
3770,1,3,4
3771,7,2,9
3772,2,5,7
3773,13,13,26
3774,2,16,18
3775,8,18,26
3776,1,5,6
3777,6,4,10
3778,3,2,5
3779,5,0,5
3780,0,1,1
3781,2,3,5
3782,1,1,2
3783,4,12,16
3784,0,2,2
3785,1,1,2
3786,0,1,1
3787,3,3,6
3788,7,5,12
3789,0,2,2
3790,2,6,8
3791,1,0,1
3792,0,3,3
3793,2,0,2
3794,15,21,36
3795,1,1,2
3796,4,1,5
3797,2,3,5
3799,1,0,1
3800,4,3,7
3802,16,16,32
3803,1,4,5
3804,54,39,93
3805,42,33,75
3806,0,1,1
3807,2,1,3
3808,0,1,1
3809,3,3,6
3810,1,2,3
3812,188,69,257
3813,0,1,1
3814,4,0,4
3815,0,1,1
3816,1,2,3
3818,0,1,1
3819,1,3,4
3820,32,21,53
3821,2,4,6
3822,3,1,4
3823,1,1,2
3824,4,4,8
3825,71,69,140
3826,0,3,3
3827,2,4,6
3828,2,4,6
3829,1,1,2
3830,0,1,1
3831,0,1,1
3832,1,2,3
3833,21,21,42
3834,1,0,1
3835,2,0,2
3836,0,1,1
3838,0,1,1
3839,2,7,9
3840,1,3,4
3841,4,2,6
3842,5,10,15
3844,24,15,39
3845,1,2,3
3846,2,4,6
3847,4,2,6
3848,0,6,6
3849,2,0,2
3850,5,3,8
3851,4,4,8
3852,0,5,5
3853,0,1,1
3854,5,6,11
3855,1,4,5
3857,6,5,11
3858,2,0,2
3859,0,1,1
3860,3,0,3
3861,1,2,3
3862,10,5,15
3863,1,1,2
3864,3,2,5
3865,5,0,5
3866,7,20,27
3867,1,2,3
3868,15,20,35
3869,1,1,2
3870,5,6,11
3871,54,43,97
3872,2,1,3
3874,11,13,24
3875,2,4,6
3876,2,5,7
3877,2,0,2
3878,0,3,3
3879,23,9,32
3880,1,3,4
3881,59,29,88
3882,7,19,26
3883,3,4,7
3884,11,14,25
3885,2,0,2
3886,0,2,2
3887,0,1,1
3888,0,1,1
3889,1,0,1
3891,0,2,2
3892,0,1,1
3893,1,6,7
3894,0,3,3
3895,1,0,1
3896,10,12,22
3897,0,2,2
3898,8,17,25
3899,1,3,4
3900,1,4,5
3901,2,7,9
3902,0,6,6
3904,3,6,9
3905,0,2,2
3906,0,2,2
3907,6,12,18
3908,0,1,1
3909,1,3,4
3910,0,1,1
3911,0,3,3
3912,0,1,1
3914,1,1,2
3916,0,2,2
3917,3,1,4
3918,3,6,9
3919,4,0,4
3920,0,4,4
3921,1,4,5
3922,5,3,8
3923,1,3,4
3924,6,7,13
3925,1,1,2
3926,0,3,3
3927,2,3,5
3928,1,3,4
3929,3,2,5
3930,0,1,1
3931,0,1,1
3932,3,1,4
3934,0,1,1
3935,1,0,1
3936,0,3,3
3937,3,0,3
3938,1,1,2
3940,1,0,1
3941,2,4,6
3943,5,4,9
3944,0,1,1
3945,1,0,1
3946,0,1,1
3947,2,4,6
3948,1,1,2
3949,2,15,17
3953,9,11,20
3954,5,5,10
3955,6,9,15
3957,4,3,7
3961,1,0,1
3962,1,1,2
3964,2,0,2
3965,0,1,1
3966,6,6,12
3967,1,0,1
3968,0,1,1
3969,0,3,3
3970,4,7,11
3971,1,1,2
3972,0,1,1
3973,0,1,1
3976,2,2,4
3977,1,5,6
3978,0,1,1
3979,1,0,1
3982,0,3,3
3983,1,1,2
3984,12,10,22
3985,2,0,2
3989,1,0,1
3990,2,4,6
3991,3,2,5
3992,2,4,6
3993,4,4,8
3994,1,4,5
3995,26,24,50
3996,2,1,3
3998,0,1,1
3999,182,169,351
4000,1,0,1
4001,1,0,1
4002,0,4,4
4003,13,11,24
4005,1,0,1
4011,1,1,2
4013,1,17,18
4014,0,1,1
4015,4,9,13
4016,5,11,16
4017,5,0,5
4018,1,2,3
4019,2,2,4
4020,1,2,3
4022,0,1,1
4023,3,5,8
4024,2,1,3
4025,2,2,4
4026,2,0,2
4029,5,29,34
4030,5,15,20
4032,3,0,3
4033,2,4,6
4034,5,16,21
4035,3,2,5
4036,1,1,2
4037,0,4,4
4038,4,9,13
4039,6,8,14
4040,10,7,17
4041,1,2,3
4042,152,110,262
4043,4,2,6
4044,2,1,3
4045,4,10,14
4046,2,3,5
4047,1,0,1
4048,175,169,344
4049,1,4,5
4050,1,1,2
4053,0,2,2
4054,1,0,1
4055,7,6,13
4056,0,2,2
4057,0,2,2
4058,4,3,7
4060,0,1,1
4061,0,1,1
4064,0,1,1
4065,1,2,3
4070,2,3,5
4071,9,11,20
4072,2,3,5
4074,0,3,3
4076,2,1,3
4077,0,1,1
4078,2,7,9
4079,1,0,1
4080,0,2,2
4081,5,14,19
4082,0,2,2
4084,0,1,1
4085,1,3,4
4086,2,8,10
4087,0,4,4
4088,1,0,1
4090,1,3,4
4093,4,2,6
4095,2,3,5
4096,0,3,3
4097,0,4,4
4098,0,1,1
4099,1,0,1
4100,0,1,1
4101,1,0,1
4102,1,2,3
4103,34,26,60
4104,1,1,2
4105,9,10,19
4106,1,7,8
4107,8,10,18
4108,87,105,192
4109,68,123,191
4110,42,37,79
4111,1,0,1
4112,4,2,6
4113,3,0,3
4114,0,2,2
4115,2,3,5
4116,1,4,5
4117,2,2,4
4118,4,0,4
4119,0,4,4
4120,5,11,16
4122,9,7,16
4123,0,2,2
4124,20,23,43
4125,32,24,56
4126,7,4,11
4127,4,7,11
4128,3,0,3
4129,0,1,1
4130,2,2,4
4133,9,15,24
4134,4,33,37
4135,0,1,1
4138,25,31,56
4139,0,1,1
4142,1,2,3
4143,4,10,14
4144,0,4,4
4146,0,1,1
4147,0,6,6
4148,19,30,49
4149,1,4,5
4150,10,6,16
4151,6,5,11
4152,21,15,36
4153,0,2,2
4154,7,11,18
4155,110,40,150
4156,2,1,3
4157,3,2,5
4158,1,2,3
4160,5,0,5
4161,0,1,1
4163,0,2,2
4167,0,1,1
4169,1,2,3
4172,0,1,1
4173,9,1,10
4175,1,4,5
4176,1,3,4
4178,1,2,3
4179,0,1,1
4180,0,1,1
4182,1,0,1
4183,0,1,1
4184,0,1,1
4187,1,2,3
4188,0,3,3
4189,0,1,1
4190,6,11,17
4191,10,16,26
4192,1,7,8
4193,0,2,2
4194,1,5,6
4195,0,5,5
4197,0,3,3
4198,249,71,320
4199,1,3,4
4200,0,1,1
4201,0,1,1
4202,12,13,25
4203,4,9,13
4204,15,13,28
4205,3,5,8
4206,6,9,15
4207,7,7,14
4208,6,11,17
4209,2,3,5
4210,2,2,4
4211,1,13,14
4212,6,10,16
4213,0,1,1
4214,13,20,33
4217,7,9,16
4218,0,2,2
4219,9,38,47
4222,0,1,1
4223,0,3,3
4224,7,3,10
4225,1,2,3
4226,5,4,9
4227,6,12,18
4228,5,9,14
4229,2,2,4
4230,8,7,15
4231,0,5,5
4233,51,176,227
4234,1,1,2
4236,6,4,10
4238,6,2,8
4239,0,2,2
4241,0,1,1
4245,1,1,2
4246,0,1,1
4247,23,23,46
4248,2,4,6
4249,2,5,7
4250,1,0,1
4251,12,21,33
4252,10,12,22
4253,3,2,5
4254,5,7,12
4255,1,1,2
4257,0,1,1
4258,4,4,8
4259,5,4,9
4260,1,4,5
4262,1,1,2
4263,0,2,2
4264,2,2,4
4265,1,1,2
4266,0,1,1
4267,0,2,2
4268,2,4,6
4269,4,2,6
4270,2,0,2
4271,0,4,4
4272,0,2,2
4273,0,3,3
4275,0,1,1
4276,0,2,2
4277,15,17,32
4278,4,8,12
4279,1,1,2
4282,0,1,1
4283,0,2,2
4284,0,1,1
4285,2,0,2
4286,1,0,1
4287,0,1,1
4290,8,7,15
4291,3,6,9
4292,32,26,58
4293,5,5,10
4294,4,2,6
4295,2,1,3
4297,1,5,6
4298,1,5,6
4299,2,1,3
4301,17,27,44
4302,40,3,43
4303,4,0,4
4304,3,3,6
4305,24,21,45
4306,28,34,62
4307,13,16,29
4308,3,2,5
4309,4,5,9
4310,2,3,5
4311,2,6,8
4312,0,2,2
4313,1,11,12
4314,10,5,15
4315,3,2,5
4316,3,4,7
4317,5,13,18
4318,9,37,46
4319,3,3,6
4321,0,2,2
4322,0,2,2
4323,0,2,2
4324,1,0,1
4325,1,0,1
4326,4,2,6
4327,1,1,2
4328,0,2,2
4330,16,38,54
4331,7,3,10
4332,2,0,2
4333,29,21,50
4334,1,0,1
4336,0,1,1
4337,0,1,1
4338,2,6,8
4339,1,2,3
4340,4,6,10
4341,56,57,113
4342,142,52,194
4343,94,31,125
4344,109,24,133
4345,3,8,11
4346,1,1,2
4347,1,0,1
4348,4,1,5
4349,0,1,1
4350,1,3,4
4351,9,3,12
4352,0,2,2
4353,3,2,5
4354,1,2,3
4355,10,5,15
4356,79,46,125
4358,12,31,43
4359,0,1,1
4360,20,25,45
4361,0,3,3
4362,12,27,39
4363,24,30,54
4364,0,1,1
4365,3,1,4
4366,2,1,3
4367,0,5,5
4369,0,2,2
4370,0,1,1
4371,2,0,2
4372,1,3,4
4373,1,1,2
4374,0,1,1
4375,2,7,9
4377,0,1,1
4378,0,1,1
4379,0,2,2
4380,0,2,2
4381,0,1,1
4382,0,1,1
4383,1,1,2
4386,3,2,5
4389,23,4,27
4390,4,3,7
4391,2,2,4
4392,17,31,48
4393,13,9,22
4394,4,10,14
4395,1,4,5
4396,4,3,7
4397,2,1,3
4398,4,6,10
4399,2,10,12
4400,7,5,12
4401,1,1,2
4402,2,7,9
4403,17,23,40
4404,3,3,6
4405,4,9,13
4406,4,10,14
4407,11,21,32
4408,10,14,24
4409,40,24,64
4410,42,49,91
4411,0,1,1
4412,2,1,3
4413,0,1,1
4414,1,2,3
4415,1,0,1
4416,6,0,6
4417,2,2,4
4418,8,8,16
4419,2,5,7
4421,2,0,2
4422,6,9,15
4423,0,4,4
4424,2,5,7
4425,5,3,8
4426,5,1,6
4427,4,3,7
4428,3,1,4
4429,12,23,35
4430,1,1,2
4431,0,5,5
4432,6,7,13
4433,4,2,6
4434,27,2,29
4435,0,1,1
4436,0,3,3
4437,1,2,3
4438,0,3,3
4440,0,1,1
4441,12,7,19
4442,1,1,2
4443,0,1,1
4444,1,2,3
4445,0,2,2
4446,32,13,45
4447,1,0,1
4448,2,1,3
4449,0,2,2
4450,0,1,1
4451,7,34,41
4452,1,2,3
4453,185,101,286
4454,1,4,5
4455,0,1,1
4456,0,9,9
4458,1,1,2
4460,4,1,5
4461,1,2,3
4462,4,2,6
4463,0,1,1
4464,0,3,3
4465,1,8,9
4466,3,0,3
4467,55,31,86
4468,0,2,2
4469,2,2,4
4470,0,2,2
4471,0,3,3
4472,0,2,2
4473,2,9,11
4474,1,0,1
4475,0,1,1
4476,3,2,5
4479,1,0,1
4480,0,2,2
4482,1,0,1
4484,0,1,1
4485,5,1,6
4486,1,1,2
4487,2,4,6
4488,5,4,9
4489,4,8,12
4490,3,2,5
4491,3,7,10
4492,2,3,5
4493,5,6,11
4494,2,3,5
4495,4,3,7
4496,3,3,6
4497,11,11,22
4498,3,1,4
4500,6,2,8
4503,1,3,4
4507,0,2,2
4508,18,23,41
4510,1,0,1
4511,1,2,3
4512,1,6,7
4513,0,1,1
4514,2,1,3
4515,0,1,1
4516,1,1,2
4517,1,1,2
4518,1,0,1
4519,7,3,10
4520,5,5,10
4522,1,1,2
4525,1,0,1
4526,0,2,2
4530,1,4,5
4531,0,1,1
4532,4,4,8
4533,1,3,4
4534,1,0,1
4535,4,8,12
4536,7,8,15
4537,3,1,4
4538,0,1,1
4539,2,2,4
4541,2,16,18
4542,2,2,4
4543,15,25,40
4544,1,1,2
4545,12,16,28
4546,0,2,2
4547,7,10,17
4548,0,1,1
4551,1,2,3
4553,1,1,2
4554,37,25,62
4555,5,6,11
4556,6,2,8
4557,5,14,19
4558,0,4,4
4559,36,26,62
4560,0,4,4
4561,5,6,11
4562,30,54,84
4563,76,36,112
4564,1,4,5
4565,4,3,7
4566,1,4,5
4568,0,2,2
4569,3,3,6
4570,2,2,4
4571,1,2,3
4572,0,1,1
4573,9,16,25
4574,1,1,2
4575,3,4,7
4577,0,1,1
4578,13,8,21
4579,1,0,1
4580,2,4,6
4581,18,6,24
4582,0,1,1
4583,1,0,1
4584,3,1,4
4585,0,2,2
4586,10,11,21
4587,15,23,38
4588,0,1,1
4590,0,2,2
4591,1,1,2
4592,0,1,1
4594,0,2,2
4596,31,20,51
4598,6,14,20
4599,0,5,5
4600,5,11,16
4601,0,1,1
4602,13,14,27
4603,0,1,1
4604,0,1,1
4605,0,1,1
4606,0,1,1
4608,13,12,25
4609,2,1,3
4610,12,5,17
4611,53,32,85
4612,3,6,9
4613,2,1,3
4614,11,9,20
4615,11,3,14
4616,27,11,38
4617,13,16,29
4618,1,8,9
4619,3,9,12
4622,0,1,1
4624,2,0,2
4625,0,4,4
4627,8,22,30
4628,0,1,1
4629,0,13,13
4630,1,0,1
4631,6,8,14
4632,10,13,23
4633,0,1,1
4634,0,1,1
4635,1,1,2
4636,1,1,2
4637,0,1,1
4638,13,18,31
4639,0,1,1
4640,0,2,2
4641,3,2,5
4643,1,0,1
4644,1,0,1
4646,2,17,19
4647,9,16,25
4648,1,2,3
4651,3,4,7
4652,1,4,5
4654,3,1,4
4656,3,3,6
4659,4,4,8
4660,2,1,3
4661,3,0,3
4662,4,2,6
4663,2,3,5
4668,1,0,1
4670,2,0,2
4671,1,0,1
4672,1,2,3
4674,1,0,1
4675,3,7,10
4676,3,1,4
4677,1,6,7
4678,2,5,7
4679,0,1,1
4680,0,2,2
4682,1,2,3
4683,47,35,82
4684,2,0,2
4685,0,2,2
4686,41,19,60
4687,2,5,7
4688,1,0,1
4689,0,1,1
4690,3,4,7
4693,1,1,2
4694,1,1,2
4695,1,1,2
4696,1,1,2
4697,84,89,173
4698,6,12,18
4699,2,3,5
4700,1,3,4
4701,3,4,7
4702,4,2,6
4703,1,0,1
4704,7,12,19
4705,4,2,6
4706,0,3,3
4707,4,4,8
4708,0,1,1
4709,2,3,5
4710,1,9,10
4711,0,2,2
4712,1,0,1
4714,0,1,1
4715,18,16,34
4716,7,4,11
4717,3,2,5
4718,25,13,38
4720,0,1,1
4721,1,2,3
4722,4,6,10
4723,2,0,2
4724,0,3,3
4725,0,2,2
4726,1,4,5
4727,1,1,2
4728,3,3,6
4729,0,3,3
4730,2,7,9
4731,8,4,12
4732,4,5,9
4733,0,2,2
4734,1,6,7
4735,1,3,4
4736,1,7,8
4737,4,2,6
4738,20,4,24
4739,6,13,19
4740,0,5,5
4741,3,0,3
4742,0,7,7
4743,4,7,11
4744,0,5,5
4745,1,3,4
4746,2,4,6
4747,10,11,21
4750,2,0,2
4751,1,9,10
4752,3,6,9
4753,7,5,12
4754,23,32,55
4755,1,14,15
4756,1,12,13
4757,1,1,2
4758,10,6,16
4759,7,5,12
4760,1,8,9
4761,3,3,6
4762,8,6,14
4763,0,2,2
4764,3,5,8
4765,0,2,2
4767,1,0,1
4768,3,3,6
4769,4,10,14
4770,1,0,1
4773,0,1,1
4774,1,4,5
4775,14,11,25
4776,7,14,21
4777,1,3,4
4778,1,4,5
4779,1,2,3
4780,1,1,2
4781,0,1,1
4782,2,2,4
4783,0,1,1
4785,3,1,4
4786,4,3,7
4787,1,4,5
4788,8,6,14
4789,8,6,14
4790,1,4,5
4791,6,5,11
4792,3,6,9
4793,0,2,2
4794,1,1,2
4795,2,2,4
4796,10,19,29
4797,2,5,7
4798,14,19,33
4799,99,30,129
4800,4,1,5
4803,6,3,9
4807,3,1,4
4808,2,1,3
4809,1,1,2
4812,1,0,1
4813,1,2,3
4814,2,1,3
4815,1,1,2
4817,0,2,2
4818,2,3,5
4819,0,2,2
4820,4,2,6
4821,2,2,4
4822,6,4,10
4823,2,3,5
4824,17,4,21
4825,1,1,2
4826,1,1,2
4827,4,2,6
4828,4,9,13
4829,2,2,4
4830,1,1,2
4831,0,2,2
4832,2,4,6
4833,5,9,14
4834,0,1,1
4836,3,7,10
4837,1,0,1
4839,0,1,1
4840,1,5,6
4841,1,3,4
4842,0,2,2
4843,7,10,17
4844,6,7,13
4845,0,3,3
4847,2,1,3
4848,43,27,70
4849,7,11,18
4850,0,2,2
4851,7,8,15
4852,2,3,5
4853,11,9,20
4854,5,10,15
4855,3,5,8
4856,1,1,2
4857,126,113,239
4859,14,31,45
4860,9,19,28
4861,1,0,1
4862,3,6,9
4863,1,4,5
4864,2,4,6
4865,1,2,3
4866,2,1,3
4867,2,0,2
4868,3,5,8
4869,11,16,27
4871,0,1,1
4872,1,5,6
4873,1,0,1
4874,1,1,2
4875,1,7,8
4876,1,2,3
4877,11,4,15
4878,36,36,72
4879,0,1,1
4881,1,0,1
4882,1,2,3
4883,4,2,6
4884,2,6,8
4885,0,1,1
4887,4,4,8
4888,0,2,2
4889,0,2,2
4890,1,1,2
4891,4,4,8
4892,1,6,7
4893,0,3,3
4894,1,2,3
4895,3,5,8
4896,4,1,5
4897,0,1,1
4899,3,3,6
4900,2,1,3
4902,1,3,4
4903,0,1,1
4904,13,9,22
4905,0,2,2
4906,14,22,36
4909,1,0,1
4910,3,3,6
4911,1,2,3
4912,3,4,7
4918,2,0,2
4919,1,2,3
4920,4,3,7
4921,2,0,2
4923,1,0,1
4924,6,4,10
4925,0,4,4
4926,3,0,3
4927,6,35,41
4928,2,2,4
4929,0,2,2
4930,6,0,6
4932,1,1,2
4933,1,0,1
4934,1,1,2
4935,1,0,1
4936,0,3,3
4937,2,4,6
4938,0,1,1
4939,5,2,7
4942,2,3,5
4943,0,5,5
4944,2,0,2
4945,0,3,3
4946,0,2,2
4947,1,3,4
4948,0,3,3
4950,1,0,1
4952,1,0,1
4953,0,1,1
4957,3,4,7
4958,1,2,3
4959,4,1,5
4960,0,3,3
4961,0,2,2
4962,1,3,4
4963,6,5,11
4964,0,2,2
4965,0,3,3
4966,0,1,1
4967,1,0,1
4968,0,1,1
4969,0,1,1
4970,0,4,4
4971,2,2,4
4972,3,3,6
4973,0,1,1
4974,5,5,10
4976,1,5,6
4978,0,1,1
4980,1,0,1
4981,4,2,6
4982,1,1,2
4983,2,2,4
4984,0,2,2
4985,2,0,2
4986,4,3,7
4987,1,0,1
4988,2,3,5
4989,4,8,12
4990,1,1,2
4991,3,4,7
4992,9,13,22
4993,1,2,3
4994,1,0,1
4996,1,0,1
4998,0,2,2
5000,1,1,2
5001,0,1,1
5002,3,3,6
5004,0,1,1
5005,0,3,3
5006,1,3,4
5007,3,3,6
5008,0,1,1
5009,0,1,1
5011,0,2,2
5012,0,2,2
5014,1,2,3
5016,0,3,3
5017,11,15,26
5018,14,7,21
5020,21,14,35
5021,8,21,29
5022,1,12,13
5023,22,11,33
5024,7,3,10
5025,8,5,13
5026,20,23,43
5027,1,12,13
5028,2,2,4
5029,5,9,14
5030,1,3,4
5031,0,3,3
5032,0,1,1
5033,0,7,7
5034,0,9,9
5035,3,4,7
5036,0,1,1
5039,2,2,4
5040,6,7,13
5041,6,10,16
5042,28,9,37
5043,3,1,4
5044,0,3,3
5045,6,12,18
5046,15,15,30
5047,3,5,8
5048,0,2,2
5049,0,1,1
5050,0,1,1
5051,6,4,10
5052,0,4,4
5053,1,5,6
5055,4,5,9
5056,0,4,4
5059,1,0,1
5060,4,6,10
5061,5,4,9
5062,0,3,3
5063,6,7,13
5064,1,3,4
5065,2,5,7
5066,3,4,7
5067,2,3,5
5068,8,4,12
5069,7,3,10
5071,1,1,2
5072,6,5,11
5073,2,0,2
5075,1,2,3
5076,0,2,2
5077,18,5,23
5079,0,1,1
5080,1,2,3
5081,4,12,16
5082,0,1,1
5084,9,8,17
5085,8,0,8
5086,27,19,46
5087,92,50,142
5088,0,1,1
5089,2,1,3
5090,2,0,2
5091,11,19,30
5094,0,1,1
5095,4,2,6
5096,1,2,3
5097,0,1,1
5098,1,7,8
5100,0,2,2
5101,1,3,4
5104,2,2,4
5105,0,3,3
5106,2,0,2
5107,1,1,2
5108,1,3,4
5109,3,13,16
5110,0,1,1
5111,1,0,1
5112,1,2,3
5114,0,3,3
5115,3,6,9
5116,1,10,11
5117,4,0,4
5118,1,2,3
5119,0,2,2
5121,0,1,1
5122,0,1,1
5124,11,11,22
5125,1,0,1
5126,1,2,3
5127,6,4,10
5128,22,32,54
5129,46,27,73
5130,4,4,8
5131,20,20,40
5132,10,7,17
5133,2,6,8
5134,1,2,3
5135,1,1,2
5136,2,2,4
5138,6,2,8
5140,5,9,14
5141,7,7,14
5142,13,13,26
5143,2,1,3
5144,2,0,2
5145,2,1,3
5146,0,1,1
5147,3,0,3
5148,0,2,2
5149,0,2,2
5150,5,2,7
5151,1,0,1
5152,2,1,3
5153,2,3,5
5154,5,4,9
5156,0,3,3
5157,3,5,8
5158,1,1,2
5159,2,3,5
5160,16,22,38
5161,0,3,3
5162,2,4,6
5163,176,137,313
5164,3,7,10
5165,1,7,8
5166,2,3,5
5167,13,14,27
5168,59,45,104
5169,5,7,12
5170,4,13,17
5171,1,8,9
5172,0,1,1
5173,1,3,4
5174,0,1,1
5175,1,0,1
5176,2,1,3
5177,2,5,7
5178,3,2,5
5179,4,7,11
5180,1,6,7
5181,1,0,1
5182,11,15,26
5184,0,1,1
5185,0,1,1
5187,1,2,3
5188,0,1,1
5193,1,1,2
5194,1,2,3
5195,2,0,2
5197,1,0,1
5198,13,3,16
5199,1,1,2
5201,1,0,1
5203,5,5,10
5204,0,1,1
5205,7,1,8
5206,2,2,4
5207,0,2,2
5210,1,1,2
5212,1,1,2
5214,1,0,1
5215,0,1,1
5218,14,42,56
5219,0,2,2
5220,1,6,7
5221,0,4,4
5222,0,1,1
5223,2,4,6
5224,14,42,56
5225,0,4,4
5226,0,3,3
5227,2,13,15
5228,1,3,4
5229,158,91,249
5230,2,5,7
5231,8,43,51
5232,16,11,27
5233,4,6,10
5234,21,21,42
5235,12,19,31
5237,0,2,2
5238,0,1,1
5240,0,2,2
5242,1,0,1
5243,0,2,2
5245,2,0,2
5246,1,4,5
5248,3,7,10
5250,7,2,9
5251,2,1,3
5252,2,2,4
5253,0,2,2
5254,0,1,1
5255,6,3,9
5256,1,1,2
5257,5,2,7
5258,4,4,8
5259,4,1,5
5260,0,3,3
5261,8,5,13
5263,1,4,5
5264,0,2,2
5265,0,1,1
5266,1,3,4
5267,1,1,2
5268,1,3,4
5269,16,7,23
5272,3,4,7
5274,1,4,5
5275,0,1,1
5276,1,0,1
5277,2,0,2
5279,0,1,1
5280,10,7,17
5282,4,17,21
5284,1,1,2
5286,0,1,1
5287,1,3,4
5288,0,2,2
5289,2,0,2
5290,0,2,2
5291,1,0,1
5292,4,1,5
5293,0,2,2
5294,0,1,1
5295,1,1,2
5300,6,7,13
5301,0,2,2
5302,0,1,1
5304,4,0,4
5305,5,4,9
5306,1,2,3
5308,2,10,12
5309,1,0,1
5310,3,4,7
5311,4,3,7
5312,11,11,22
5313,11,0,11
5315,0,1,1
5316,0,1,1
5319,1,4,5
5320,2,5,7
5321,2,4,6
5324,1,1,2
5325,7,16,23
5326,3,1,4
5327,1,2,3
5328,1,2,3
5329,1,2,3
5330,10,2,12
5331,2,2,4
5332,8,7,15
5333,36,71,107
5334,34,50,84
5335,0,4,4
5336,1,0,1
5337,0,1,1
5338,0,3,3
5341,4,0,4
5343,5,6,11
5344,2,0,2
5345,2,1,3
5346,0,2,2
5347,2,2,4
5349,1,0,1
5350,11,14,25
5351,0,1,1
5353,3,1,4
5354,1,0,1
5355,0,2,2
5356,2,4,6
5357,2,1,3
5358,3,8,11
5359,2,8,10
5360,1,0,1
5361,0,6,6
5362,7,9,16
5363,20,10,30
5364,8,8,16
5365,3,0,3
5366,4,11,15
5367,4,4,8
5368,0,5,5
5369,1,4,5
5370,4,8,12
5371,2,4,6
5372,11,6,17
5373,0,2,2
5374,0,3,3
5375,1,4,5
5376,0,4,4
5377,28,11,39
5378,0,4,4
5380,1,2,3
5381,1,0,1
5383,4,8,12
5385,4,4,8
5386,0,1,1
5387,1,4,5
5388,2,1,3
5390,3,1,4
5391,2,1,3
5392,0,1,1
5393,0,1,1
5396,1,1,2
5397,0,3,3
5398,0,1,1
5400,2,9,11
5402,0,2,2
5403,0,1,1
5404,3,3,6
5405,3,2,5
5407,1,3,4
5409,2,0,2
5410,4,12,16
5411,1,3,4
5412,5,9,14
5413,1,4,5
5414,1,1,2
5415,1,2,3
5416,26,17,43
5417,11,11,22
5418,3,2,5
5419,0,9,9
5420,4,6,10
5421,0,2,2
5422,6,2,8
5423,5,5,10
5424,5,12,17
5426,2,0,2
5427,0,3,3
5429,0,3,3
5430,0,1,1
5431,0,1,1
5433,0,2,2
5434,11,32,43
5435,11,20,31
5436,69,74,143
5437,22,16,38
5438,28,60,88
5439,8,12,20
5440,1,2,3
5441,1,4,5
5442,4,3,7
5443,5,1,6
5444,3,12,15
5445,4,6,10
5446,1,2,3
5447,3,8,11
5448,2,5,7
5449,0,2,2
5450,0,3,3
5454,0,1,1
5455,1,0,1
5456,4,2,6
5457,1,2,3
5458,1,3,4
5459,2,2,4
5460,0,1,1
5461,1,1,2
5462,3,6,9
5463,1,4,5
5464,1,5,6
5465,3,3,6
5466,2,3,5
5467,1,3,4
5468,0,1,1
5469,6,8,14
5470,7,10,17
5471,0,1,1
5472,1,0,1
5473,0,1,1
5474,2,7,9
5476,1,0,1
5477,1,0,1
5478,4,3,7
5479,3,2,5
5480,0,1,1
5481,3,7,10
5482,10,19,29
5483,4,1,5
5484,0,2,2
5485,1,8,9
5487,0,1,1
5488,2,1,3
5489,8,9,17
5490,1,0,1
5492,0,1,1
5496,0,1,1
5497,0,2,2
5498,0,1,1
5499,1,1,2
5500,0,1,1
5501,0,2,2
5502,4,6,10
5505,0,1,1
5506,3,1,4
5507,0,1,1
5508,1,0,1
5509,1,8,9
5510,48,26,74
5511,2,7,9
5512,11,16,27
5513,1,1,2
5514,3,3,6
5515,1,0,1
5517,0,3,3
5518,1,2,3
5519,6,2,8
5521,2,4,6
5527,4,0,4
5528,5,8,13
5530,0,1,1
5531,4,5,9
5533,3,1,4
5534,0,1,1
5535,3,1,4
5536,2,2,4
5537,5,2,7
5538,3,0,3
5539,11,13,24
5540,0,2,2
5541,4,13,17
5542,1,6,7
5543,1,0,1
5545,10,8,18
5546,6,6,12
5548,1,2,3
5549,0,1,1
5551,1,0,1
5552,0,5,5
5553,1,2,3
5555,0,2,2
5556,4,3,7
5557,3,5,8
5558,1,1,2
5559,0,2,2
5560,0,5,5
5561,2,7,9
5562,0,2,2
5564,1,0,1
5565,0,1,1
5567,2,2,4
5568,0,5,5
5569,6,4,10
5572,4,9,13
5576,2,0,2
5577,0,1,1
5578,11,6,17
5579,7,11,18
5580,1,7,8
5581,0,1,1
5582,1,0,1
5583,3,5,8
5585,9,17,26
5586,0,3,3
5587,0,5,5
5588,4,6,10
5589,6,14,20
5594,1,0,1
5597,2,3,5
5598,1,0,1
5599,1,1,2
5600,1,3,4
5601,3,0,3
5602,1,0,1
5603,0,2,2
5604,1,0,1
5608,2,2,4
5609,4,2,6
5610,2,3,5
5611,0,3,3
5612,0,1,1
5614,0,1,1
5615,1,1,2
5616,1,10,11
5617,2,2,4
5619,5,3,8
5620,1,3,4
5623,1,0,1
5624,1,2,3
5625,4,8,12
5626,0,2,2
5627,0,2,2
5630,0,1,1
5631,1,0,1
5632,9,5,14
5633,2,7,9
5634,30,29,59
5635,7,4,11
5636,6,4,10
5637,0,2,2
5638,18,104,122
5639,7,9,16
5640,1,3,4
5641,2,6,8
5642,0,3,3
5644,1,3,4
5645,0,2,2
5646,0,1,1
5647,6,2,8
5648,1,5,6
5649,0,1,1
5650,1,3,4
5651,1,1,2
5652,12,26,38
5653,1,1,2
5656,0,3,3
5657,0,6,6
5658,8,8,16
5660,0,1,1
5661,0,1,1
5662,0,1,1
5663,17,5,22
5664,4,10,14
5669,1,1,2
5670,0,5,5
5671,0,1,1
5673,1,1,2
5676,2,2,4
5677,1,2,3
5678,4,0,4
5679,4,2,6
5680,8,8,16
5681,0,2,2
5682,3,5,8
5683,2,3,5
5684,2,12,14
5685,0,1,1
5686,2,7,9
5687,0,1,1
5688,0,3,3
5689,2,2,4
5691,2,1,3
5692,1,2,3
5693,0,2,2
5694,1,0,1
5695,0,4,4
5696,17,22,39
5697,1,1,2
5699,1,0,1
5700,34,39,73
5702,2,3,5
5703,3,1,4
5705,1,1,2
5706,1,1,2
5707,1,1,2
5708,0,1,1
5709,1,0,1
5711,1,2,3
5712,2,1,3
5713,0,1,1
5714,26,18,44
5715,2,1,3
5716,1,0,1
5717,0,1,1
5718,2,1,3
5719,0,1,1
5720,1,0,1
5722,0,1,1
5723,0,1,1
5725,0,1,1
5726,22,47,69
5727,1,1,2
5729,24,21,45
5731,6,2,8
5732,20,27,47
5733,17,27,44
5734,3,4,7
5735,11,7,18
5736,367,123,490
5737,1,1,2
5738,7,3,10
5739,14,17,31
5740,4,11,15
5741,12,16,28
5742,2,1,3
5743,3,2,5
5746,1,3,4
5747,0,2,2
5748,27,16,43
5749,1,0,1
5750,0,2,2
5751,0,3,3
5754,1,0,1
5755,3,1,4
5756,2,0,2
5757,4,4,8
5758,4,1,5
5759,8,8,16
5761,0,1,1
5762,1,0,1
5764,3,2,5
5766,1,6,7
5767,0,2,2
5768,0,1,1
5769,6,2,8
5770,0,1,1
5772,0,1,1
5773,0,1,1
5774,0,1,1
5775,0,2,2
5776,8,3,11
5777,0,1,1
5778,1,0,1
5780,0,4,4
5781,7,10,17
5782,5,2,7
5783,1,1,2
5784,11,3,14
5785,16,22,38
5789,0,1,1
5790,8,1,9
5791,12,4,16
5792,7,4,11
5793,1,0,1
5794,1,0,1
5795,15,21,36
5796,3,8,11
5797,0,3,3
5798,3,1,4
5799,1,0,1
5800,0,2,2
5801,1,3,4
5802,2,3,5
5803,6,9,15
5804,0,3,3
5805,1,0,1
5806,4,7,11
5807,4,1,5
5808,2,7,9
5809,2,5,7
5812,2,4,6
5814,1,0,1
5822,1,0,1
5824,0,1,1
5826,0,1,1
5827,3,5,8
5828,0,1,1
5829,1,2,3
5830,1,5,6
5831,0,1,1
5833,3,5,8
5834,0,3,3
5835,1,2,3
5836,0,6,6
5837,0,1,1
5838,2,7,9
5839,0,1,1
5840,1,2,3
5841,46,21,67
5842,71,50,121
5843,83,35,118
5844,1,7,8
5845,0,3,3
5846,1,3,4
5847,18,23,41
5848,14,10,24
5849,2,4,6
5850,22,17,39
5851,21,14,35
5852,0,1,1
5853,0,1,1
5855,1,0,1
5856,0,2,2
5858,0,1,1
5860,1,4,5
5861,2,2,4
5862,1,0,1
5863,2,1,3
5864,6,8,14
5867,2,4,6
5869,1,2,3
5870,2,3,5
5871,4,4,8
5872,0,2,2
5875,1,5,6
5877,1,4,5
5879,1,2,3
5880,3,4,7
5881,5,2,7
5882,2,4,6
5883,1,2,3
5884,6,2,8
5885,46,44,90
5887,0,1,1
5889,0,2,2
5890,1,0,1
5891,6,15,21
5892,17,29,46
5893,1,1,2
5894,30,18,48
5895,67,53,120
5897,1,0,1
5899,14,9,23
5900,15,27,42
5901,2,0,2
5904,0,3,3
5906,1,0,1
5907,3,3,6
5908,7,7,14
5909,0,1,1
5910,39,25,64
5911,2,2,4
5912,1,2,3
5913,5,5,10
5914,2,0,2
5915,6,19,25
5916,1,2,3
5917,4,5,9
5918,10,4,14
5919,0,3,3
5920,0,1,1
5921,1,2,3
5922,0,2,2
5923,13,21,34
5924,1,1,2
5925,1,5,6
5926,1,4,5
5927,1,2,3
5928,1,6,7
5929,1,0,1
5930,0,2,2
5931,0,1,1
5933,0,3,3
5934,0,2,2
5935,0,1,1
5938,4,8,12
5939,1,0,1
5940,12,26,38
5941,2,1,3
5942,39,31,70
5943,23,25,48
5944,1,2,3
5945,14,25,39
5946,59,41,100
5947,58,61,119
5948,13,9,22
5949,7,28,35
5950,145,85,230
5951,1,1,2
5952,0,2,2
5953,0,2,2
5955,3,8,11
5957,0,2,2
5958,0,1,1
5959,1,0,1
5960,49,29,78
5961,32,64,96
5962,1,0,1
5963,0,3,3
5964,1,3,4
5965,0,2,2
5966,4,4,8
5968,1,1,2
5969,0,4,4
5970,1,4,5
5971,2,2,4
5972,2,0,2
5973,1,2,3
5974,2,3,5
5975,0,1,1
5977,1,0,1
5978,2,1,3
5979,0,1,1
5980,2,1,3
5981,1,1,2
5982,0,1,1
5983,0,1,1
5984,0,1,1
5985,6,3,9
5986,7,2,9
5987,5,5,10
5988,0,1,1
5989,33,18,51
5990,5,14,19
5991,2,1,3
5992,32,26,58
5993,6,9,15
5994,3,0,3
5995,1,0,1
5997,1,0,1
5998,0,1,1
6000,0,2,2
6001,0,2,2
6003,1,4,5
6005,0,1,1
6006,7,13,20
6007,0,2,2
6008,2,2,4
6009,8,10,18
6013,1,0,1
6016,0,1,1
6017,14,12,26
6018,1,5,6
6019,18,14,32
6020,0,1,1
6021,21,32,53
6022,6,12,18
6025,0,5,5
6026,3,6,9
6027,1,0,1
6028,1,0,1
6030,1,2,3
6031,3,7,10
6032,0,1,1
6033,0,1,1
6035,0,1,1
6037,0,1,1
6038,0,2,2
6039,0,1,1
6040,0,2,2
6044,1,5,6
6045,0,2,2
6046,2,2,4
6047,0,2,2
6048,0,5,5
6049,2,3,5
6051,1,0,1
6052,0,1,1
6054,4,10,14
6055,3,2,5
6056,2,2,4
6057,0,1,1
6058,2,2,4
6059,1,3,4
6060,9,20,29
6061,17,12,29
6062,1,1,2
6063,2,1,3
6065,8,21,29
6066,1,2,3
6069,8,27,35
6070,0,3,3
6071,0,1,1
6072,2,0,2
6074,0,1,1
6076,0,2,2
6077,4,9,13
6078,9,8,17
6079,1,1,2
6080,2,3,5
6081,1,2,3
6082,0,1,1
6083,1,3,4
6084,0,1,1
6085,1,2,3
6086,5,10,15
6087,0,4,4
6088,0,1,1
6089,5,15,20
6091,6,11,17
6092,2,4,6
6093,4,5,9
6094,3,7,10
6095,1,5,6
6096,3,3,6
6097,1,5,6
6098,1,2,3
6099,5,5,10
6100,1,1,2
6102,1,0,1
6105,1,2,3
6106,2,2,4
6107,2,2,4
6108,2,12,14
6109,1,0,1
6110,15,7,22
6111,6,2,8
6112,0,1,1
6113,18,14,32
6114,2,3,5
6116,2,1,3
6117,3,5,8
6118,4,6,10
6119,1,3,4
6120,3,6,9
6121,8,14,22
6122,11,5,16
6123,8,2,10
6124,1,0,1
6125,3,7,10
6126,8,1,9
6127,5,5,10
6129,1,2,3
6131,0,1,1
6132,7,5,12
6133,1,3,4
6134,2,4,6
6135,0,1,1
6136,3,0,3
6138,2,2,4
6140,3,4,7
6141,1,2,3
6142,2,1,3
6143,11,17,28
6144,0,2,2
6145,16,17,33
6146,0,2,2
6147,0,2,2
6148,1,9,10
6149,0,4,4
6151,6,10,16
6152,0,1,1
6153,6,12,18
6154,3,5,8
6155,19,5,24
6156,1,4,5
6157,1,1,2
6158,1,3,4
6159,1,3,4
6160,1,6,7
6161,1,1,2
6162,1,2,3
6164,1,5,6
6165,1,3,4
6166,0,2,2
6167,7,12,19
6168,9,24,33
6169,1,0,1
6170,0,3,3
6171,1,1,2
6172,0,2,2
6176,0,3,3
6177,4,4,8
6179,0,1,1
6181,1,5,6
6182,4,5,9
6183,1,2,3
6184,1,3,4
6185,1,0,1
6187,0,4,4
6188,0,2,2
6189,3,7,10
6190,1,3,4
6192,0,1,1
6194,1,2,3
6196,1,3,4
6197,1,1,2
6198,1,3,4
6199,2,3,5
6200,1,1,2
6201,2,5,7
6203,0,3,3
6204,5,9,14
6205,11,17,28
6206,5,5,10
6207,10,11,21
6208,6,5,11
6209,1,4,5
6210,1,8,9
6211,7,9,16
6212,4,5,9
6213,0,3,3
6214,46,34,80
6215,0,3,3
6216,0,1,1
6217,0,1,1
6219,0,1,1
6220,12,24,36
6221,3,2,5
6222,0,1,1
6223,1,2,3
6225,1,3,4
6226,0,3,3
6227,0,1,1
6228,4,5,9
6229,0,1,1
6230,1,0,1
6231,2,6,8
6232,2,2,4
6233,0,2,2
6234,0,2,2
6237,0,3,3
6238,3,0,3
6239,0,1,1
6240,1,0,1
6241,0,3,3
6242,17,21,38
6243,1,3,4
6244,0,1,1
6245,0,3,3
6246,9,5,14
6247,2,4,6
6248,0,2,2
6249,0,1,1
6250,0,1,1
6251,0,3,3
6252,10,33,43
6253,0,4,4
6255,1,1,2
6256,1,0,1
6257,6,16,22
6258,2,11,13
6259,2,12,14
6260,5,25,30
6261,11,13,24
6262,0,3,3
6263,6,11,17
6264,0,3,3
6265,0,1,1
6266,5,3,8
6267,1,4,5
6268,4,7,11
6269,0,3,3
6270,1,2,3
6271,1,0,1
6272,9,10,19
6275,1,3,4
6276,0,2,2
6278,2,4,6
6279,3,0,3
6281,2,5,7
6283,1,5,6
6284,3,2,5
6285,0,4,4
6286,1,3,4
6287,0,1,1
6288,0,3,3
6289,2,0,2
6290,1,1,2
6291,2,1,3
6292,4,7,11
6293,1,13,14
6294,14,15,29
6295,19,15,34
6296,4,9,13
6297,0,3,3
6298,1,0,1
6300,5,5,10
6301,2,2,4
6302,1,0,1
6303,0,1,1
6304,0,3,3
6306,2,8,10
6307,0,1,1
6308,1,0,1
6309,4,2,6
6310,1,3,4
6311,2,3,5
6312,2,1,3
6313,0,1,1
6314,2,0,2
6315,1,0,1
6316,0,3,3
6317,0,2,2
6318,4,3,7
6319,194,78,272
6320,2,4,6
6322,49,34,83
6323,0,1,1
6324,1,2,3
6325,0,2,2
6328,15,10,25
6330,1,0,1
6331,1,1,2
6333,1,0,1
6334,6,4,10
6335,0,1,1
6336,0,1,1
6337,1,0,1
6339,0,1,1
6340,0,1,1
6341,0,2,2
6343,5,8,13
6344,27,19,46
6345,0,3,3
6347,5,2,7
6348,4,4,8
6349,1,2,3
6350,21,54,75
6351,17,0,17
6352,39,21,60
6353,62,89,151
6354,6,8,14
6355,5,35,40
6356,8,5,13
6357,8,12,20
6358,7,4,11
6359,3,11,14
6360,0,1,1
6361,5,7,12
6362,8,17,25
6364,13,12,25
6365,0,2,2
6366,52,27,79
6367,4,1,5
6368,2,2,4
6369,2,0,2
6370,3,1,4
6371,1,5,6
6372,1,4,5
6373,2,1,3
6375,0,1,1
6376,1,2,3
6377,0,2,2
6378,11,6,17
6379,1,4,5
6380,1,0,1
6381,0,5,5
6383,0,1,1
6384,0,1,1
6385,2,2,4
6388,1,4,5
6389,2,0,2
6390,1,2,3
6391,9,10,19
6392,0,1,1
6394,1,0,1
6397,1,0,1
6398,1,9,10
6399,1,4,5
6400,3,9,12
6401,0,3,3
6402,3,3,6
6403,3,8,11
6404,12,3,15
6405,1,2,3
6406,0,2,2
6407,2,2,4
6408,8,3,11
6409,1,5,6
6410,0,1,1
6411,6,15,21
6412,9,5,14
6413,3,9,12
6414,2,6,8
6415,1,10,11
6416,1,6,7
6417,0,1,1
6418,43,61,104
6419,3,3,6
6420,6,7,13
6421,0,2,2
6422,25,23,48
6423,8,12,20
6425,2,2,4
6426,4,7,11
6430,1,0,1
6431,1,0,1
6433,17,19,36
6439,0,1,1
6442,2,2,4
6443,1,2,3
6444,2,0,2
6445,1,3,4
6446,6,1,7
6447,4,0,4
6448,0,1,1
6449,3,1,4
6450,9,20,29
6451,1,1,2
6452,5,7,12
6453,0,4,4
6455,1,5,6
6456,4,7,11
6459,5,5,10
6460,54,24,78
6461,5,1,6
6462,0,2,2
6463,13,18,31
6464,1,0,1
6465,4,5,9
6466,0,4,4
6467,6,11,17
6468,1,1,2
6469,6,6,12
6470,18,29,47
6471,1,0,1
6472,5,6,11
6473,2,1,3
6474,1,1,2
6475,0,1,1
6476,1,0,1
6478,0,1,1
6479,0,3,3
6480,0,2,2
6481,6,4,10
6488,2,4,6
6490,26,41,67
6491,8,29,37
6492,28,66,94
6493,9,10,19
6494,0,3,3
6495,2,2,4
6496,1,3,4
6497,3,18,21
6498,3,9,12
6499,5,9,14
6500,2,9,11
6501,2,4,6
6502,3,1,4
6503,0,3,3
6504,1,6,7
6505,0,3,3
6507,2,5,7
6508,16,5,21
6509,22,21,43
6510,0,2,2
6511,0,3,3
6512,22,9,31
6513,20,20,40
6514,1,2,3
6515,1,0,1
6516,3,2,5
6517,1,4,5
6518,0,6,6
6519,5,6,11
6520,11,39,50
6521,6,4,10
6522,24,7,31
6523,1,1,2
6524,28,34,62
6525,2,1,3
6526,2,0,2
6528,3,5,8
6529,5,14,19
6530,0,1,1
6532,3,1,4
6533,3,0,3
6534,0,1,1
6535,2,8,10
6536,2,2,4
6537,5,14,19
6538,1,1,2
6540,2,1,3
6541,0,4,4
6542,1,0,1
6544,0,1,1
6546,4,2,6
6547,0,2,2
6548,4,2,6
6549,1,3,4
6550,3,2,5
6551,0,2,2
6552,0,2,2
6553,0,1,1
6554,0,1,1
6556,6,4,10
6557,3,2,5
6558,0,3,3
6559,2,3,5
6560,0,2,2
6561,0,1,1
6562,0,1,1
6563,1,0,1
6564,0,1,1
6565,1,1,2
6566,1,2,3
6567,15,7,22
6568,1,0,1
6571,1,1,2
6573,0,1,1
6576,3,3,6
6578,0,1,1
6579,1,0,1
6580,1,4,5
6581,0,1,1
6583,0,1,1
6584,5,5,10
6586,0,1,1
6588,1,0,1
6589,1,2,3
6591,3,1,4
6592,1,3,4
6593,2,2,4
6594,5,6,11
6595,1,1,2
6596,2,6,8
6597,5,4,9
6599,4,8,12
6602,0,3,3
6603,7,1,8
6604,2,1,3
6605,1,2,3
6607,1,1,2
6608,0,2,2
6609,7,5,12
6610,0,2,2
6611,1,6,7
6612,4,7,11
6614,1,8,9
6615,0,3,3
6616,6,2,8
6617,2,9,11
6618,9,8,17
6619,15,15,30
6620,35,36,71
6621,12,15,27
6622,1,0,1
6623,11,4,15
6624,0,2,2
6625,0,2,2
6626,0,1,1
6627,32,11,43
6628,2,0,2
6629,0,1,1
6631,0,1,1
6633,3,0,3
6634,0,2,2
6635,0,2,2
6636,1,2,3
6637,0,4,4
6638,1,1,2
6639,2,2,4
6640,0,1,1
6641,0,2,2
6642,0,1,1
6643,2,5,7
6644,20,12,32
6645,1,2,3
6646,3,3,6
6647,2,4,6
6648,1,1,2
6649,2,0,2
6650,0,1,1
6651,2,9,11
6652,0,1,1
6654,0,1,1
6655,19,12,31
6656,8,1,9
6657,2,2,4
6658,0,2,2
6660,0,1,1
6661,0,1,1
6662,20,13,33
6663,12,14,26
6664,4,1,5
6665,4,5,9
6667,1,0,1
6670,0,2,2
6671,1,0,1
6674,0,3,3
6675,7,14,21
6678,5,11,16
6679,1,1,2
6681,6,3,9
6682,2,0,2
6683,3,5,8
6686,2,7,9
6687,3,2,5
6688,3,0,3
6689,0,1,1
6690,3,0,3
6691,4,7,11
6692,3,2,5
6693,1,0,1
6695,15,9,24
6697,5,5,10
6698,1,4,5
6699,36,64,100
6700,13,24,37
6701,10,25,35
6702,18,13,31
6703,25,35,60
6704,19,23,42
6705,16,29,45
6706,12,28,40
6707,8,7,15
6708,4,4,8
6709,9,17,26
6710,4,5,9
6711,2,1,3
6712,2,7,9
6713,1,0,1
6714,4,6,10
6715,7,12,19
6716,3,13,16
6717,18,25,43
6718,1,2,3
6719,8,32,40
6720,0,3,3
6721,15,13,28
6722,18,23,41
6723,6,20,26
6724,18,2,20
6725,3,1,4
6726,4,5,9
6727,3,5,8
6728,2,3,5
6729,1,2,3
6730,4,3,7
6731,6,2,8
6732,4,10,14
6733,2,1,3
6734,0,2,2
6735,1,1,2
6736,0,1,1
6738,2,4,6
6739,1,1,2
6741,1,0,1
6743,1,1,2
6744,2,1,3
6745,0,1,1
6747,3,2,5
6748,0,2,2
6750,6,3,9
6751,1,6,7
6752,0,6,6
6753,2,0,2
6755,0,1,1
6756,1,4,5
6757,2,1,3
6759,1,0,1
6761,0,2,2
6762,1,6,7
6763,4,4,8
6765,2,2,4
6766,3,2,5
6767,1,4,5
6768,4,4,8
6769,0,3,3
6770,3,7,10
6771,1,7,8
6772,20,35,55
6773,2,20,22
6774,16,48,64
6775,11,38,49
6776,0,1,1
6777,0,1,1
6778,0,1,1
6779,0,1,1
6780,4,2,6
6781,0,1,1
6782,0,1,1
6783,1,0,1
6784,2,0,2
6787,1,2,3
6788,0,1,1
6789,0,1,1
6792,2,5,7
6793,1,2,3
6794,0,1,1
6795,2,7,9
6796,1,2,3
6797,1,4,5
6799,0,1,1
6800,1,4,5
6802,2,2,4
6803,1,10,11
6804,0,1,1
6805,1,3,4
6806,2,3,5
6807,9,4,13
6808,2,1,3
6809,7,2,9
6811,1,0,1
6812,5,0,5
6813,1,0,1
6814,0,2,2
6815,2,1,3
6816,1,1,2
6817,1,2,3
6818,1,1,2
6820,1,2,3
6821,0,6,6
6822,1,3,4
6823,2,1,3
6824,2,2,4
6825,1,2,3
6826,2,2,4
6827,1,1,2
6828,2,2,4
6829,2,3,5
6830,2,1,3
6832,1,5,6
6833,3,1,4
6834,0,6,6
6835,2,3,5
6836,3,3,6
6837,2,2,4
6838,2,2,4
6839,1,1,2
6840,0,5,5
6841,2,0,2
6842,2,3,5
6843,0,2,2
6844,18,16,34
6845,2,0,2
6846,1,0,1
6847,3,7,10
6848,12,13,25
6849,1,1,2
6850,1,1,2
6851,1,0,1
6854,3,1,4
6855,1,4,5
6856,0,4,4
6858,0,1,1
6859,1,0,1
6860,0,5,5
6861,0,1,1
6862,1,7,8
6863,1,5,6
6864,3,7,10
6865,8,4,12
6866,4,5,9
6868,4,7,11
6869,11,13,24
6870,38,41,79
6871,48,46,94
6872,0,4,4
6873,3,9,12
6874,12,16,28
6875,2,2,4
6876,0,2,2
6877,1,1,2
6878,0,1,1
6879,11,14,25
6880,31,45,76
6881,3,1,4
6882,1,1,2
6883,4,5,9
6884,0,2,2
6885,2,3,5
6886,2,9,11
6887,6,5,11
6888,3,7,10
6889,2,3,5
6890,0,2,2
6891,0,1,1
6892,1,1,2
6893,7,8,15
6894,2,6,8
6896,2,0,2
6897,4,3,7
6899,0,3,3
6900,2,1,3
6901,2,1,3
6902,0,2,2
6903,7,2,9
6904,3,14,17
6905,2,2,4
6906,0,2,2
6907,1,2,3
6908,4,1,5
6911,0,1,1
6913,0,1,1
6914,0,1,1
6915,0,5,5
6917,1,2,3
6919,0,2,2
6920,1,1,2
6921,6,4,10
6923,1,1,2
6924,2,4,6
6925,12,6,18
6926,4,12,16
6927,0,1,1
6928,4,3,7
6929,2,1,3
6930,0,1,1
6931,1,0,1
6932,3,3,6
6934,8,12,20
6940,7,3,10
6941,1,1,2
6942,2,1,3
6943,10,23,33
6944,3,8,11
6945,2,7,9
6946,0,2,2
6947,1,3,4
6948,2,2,4
6949,0,1,1
6950,0,4,4
6951,1,6,7
6952,2,3,5
6953,2,2,4
6955,0,1,1
6956,4,2,6
6958,1,0,1
6959,0,1,1
6960,1,2,3
6962,3,13,16
6963,1,4,5
6964,2,0,2
6965,1,1,2
6966,26,14,40
6967,2,5,7
6968,16,6,22
6969,13,9,22
6970,1,4,5
6971,87,74,161
6972,5,4,9
6973,0,3,3
6974,0,4,4
6975,1,3,4
6976,0,1,1
6977,0,1,1
6978,1,0,1
6979,1,6,7
6980,2,3,5
6981,0,1,1
6983,2,8,10
6984,1,1,2
6985,0,7,7
6986,1,3,4
6987,0,2,2
6988,0,1,1
6989,0,3,3
6990,6,18,24
6991,0,1,1
6992,2,2,4
6993,1,0,1
6994,15,32,47
6995,1,0,1
6996,1,0,1
6997,2,0,2
6998,0,1,1
7002,1,0,1
7003,6,9,15
7004,1,0,1
7005,3,6,9
7006,2,2,4
7007,4,2,6
7009,0,2,2
7010,1,2,3
7011,4,6,10
7012,3,6,9
7013,3,3,6
7016,0,2,2
7017,3,4,7
7018,2,5,7
7019,5,1,6
7020,4,13,17
7021,1,2,3
7022,0,3,3
7023,39,22,61
7024,3,4,7
7025,7,3,10
7026,3,3,6
7027,8,6,14
7028,2,3,5
7029,5,10,15
7030,0,3,3
7031,2,2,4
7032,2,6,8
7033,1,11,12
7034,0,2,2
7035,6,8,14
7036,1,7,8
7037,1,2,3
7038,0,2,2
7039,16,7,23
7040,9,6,15
7041,2,0,2
7042,0,7,7
7044,1,5,6
7045,2,5,7
7046,1,2,3
7047,0,2,2
7048,7,3,10
7049,3,0,3
7050,0,4,4
7051,1,0,1
7053,2,0,2
7054,1,1,2
7055,0,3,3
7056,0,2,2
7057,0,1,1
7058,14,11,25
7059,0,2,2
7060,33,32,65
7061,0,4,4
7062,1,0,1
7063,8,3,11
7064,10,38,48
7065,0,10,10
7066,83,18,101
7067,0,2,2
7068,7,3,10
7069,6,9,15
7071,1,1,2
7072,1,4,5
7073,25,35,60
7074,2,4,6
7075,0,3,3
7078,1,0,1
7082,16,12,28
7083,2,2,4
7084,1,0,1
7085,2,1,3
7086,2,1,3
7087,1,5,6
7088,7,16,23
7089,12,12,24
7090,0,3,3
7092,1,1,2
7093,1,1,2
7094,1,1,2
7095,0,1,1
7096,0,1,1
7098,2,0,2
7100,19,10,29
7101,18,20,38
7102,1,2,3
7103,4,9,13
7104,3,1,4
7105,0,2,2
7109,1,2,3
7110,1,1,2
7111,0,1,1
7112,2,2,4
7113,0,1,1
7114,7,5,12
7115,1,2,3
7116,0,1,1
7117,4,4,8
7118,14,14,28
7119,3,5,8
7120,27,20,47
7121,1,1,2
7122,5,4,9
7123,1,2,3
7124,9,28,37
7125,40,47,87
7126,8,7,15
7127,14,8,22
7129,2,3,5
7130,4,0,4
7131,0,1,1
7132,5,35,40
7133,1,6,7
7134,0,2,2
7135,1,0,1
7136,9,6,15
7137,3,2,5
7138,3,3,6
7139,0,1,1
7140,0,2,2
7141,37,31,68
7142,5,5,10
7143,0,1,1
7144,1,0,1
7145,0,1,1
7146,2,0,2
7147,3,1,4
7148,1,1,2
7149,6,6,12
7150,3,3,6
7151,2,2,4
7152,2,4,6
7153,0,6,6
7155,0,2,2
7156,0,1,1
7157,1,2,3
7159,1,0,1
7160,4,0,4
7161,4,1,5
7162,2,2,4
7163,0,1,1
7164,1,3,4
7165,8,5,13
7166,3,2,5
7167,0,2,2
7168,2,10,12
7169,41,16,57
7171,3,7,10
7172,1,0,1
7173,1,3,4
7174,0,2,2
7175,3,3,6
7176,0,1,1
7177,0,2,2
7178,3,8,11
7179,3,0,3
7180,2,4,6
7181,1,4,5
7182,1,0,1
7184,0,1,1
7185,1,1,2
7186,2,0,2
7187,4,9,13
7188,4,2,6
7189,3,2,5
7191,0,1,1
7192,2,0,2
7193,1,0,1
7194,0,2,2
7195,1,0,1
7198,1,0,1
7200,1,1,2
7201,1,1,2
7202,4,4,8
7203,0,1,1
7204,0,1,1
7205,19,9,28
7206,10,7,17
7207,19,18,37
7208,3,2,5
7209,19,18,37
7210,1,2,3
7211,1,13,14
7212,2,5,7
7213,4,12,16
7214,1,0,1
7215,0,4,4
7216,1,1,2
7217,1,0,1
7218,1,3,4
7219,1,2,3
7221,0,1,1
7222,12,8,20
7224,1,1,2
7225,4,7,11
7227,8,7,15
7228,1,3,4
7229,1,1,2
7230,0,2,2
7231,1,1,2
7232,0,5,5
7233,2,8,10
7235,3,5,8
7236,17,37,54
7237,0,1,1
7238,1,1,2
7239,3,0,3
7240,0,2,2
7243,1,0,1
7244,0,1,1
7246,0,2,2
7247,0,2,2
7248,16,33,49
7249,4,4,8
7250,0,2,2
7251,1,2,3
7252,3,8,11
7253,0,2,2
7254,1,2,3
7255,4,3,7
7256,0,4,4
7257,2,7,9
7259,0,2,2
7260,0,1,1
7263,1,0,1
7264,0,2,2
7265,1,1,2
7266,1,0,1
7270,6,5,11
7271,5,6,11
7272,1,0,1
7274,0,1,1
7275,8,7,15
7276,1,2,3
7277,10,7,17
7278,4,14,18
7279,0,1,1
7280,8,3,11
7281,0,2,2
7282,0,1,1
7283,5,3,8
7284,20,9,29
7285,1,4,5
7286,2,11,13
7287,1,0,1
7288,3,2,5
7289,3,13,16
7290,0,7,7
7291,2,1,3
7292,35,42,77
7293,3,4,7
7294,8,12,20
7295,14,6,20
7296,10,7,17
7297,1,2,3
7298,3,5,8
7299,3,9,12
7300,11,24,35
7301,6,8,14
7302,0,13,13
7303,40,35,75
7305,1,0,1
7306,2,0,2
7308,2,0,2
7309,1,8,9
7310,5,3,8
7311,4,6,10
7312,0,2,2
7313,0,2,2
7314,1,3,4
7316,1,1,2
7317,4,2,6
7318,0,3,3
7319,2,0,2
7321,1,1,2
7322,0,1,1
7325,18,7,25
7327,1,0,1
7328,2,6,8
7329,0,4,4
7330,3,0,3
7331,22,13,35
7332,1,4,5
7333,0,1,1
7334,29,14,43
7335,1,2,3
7336,2,1,3
7337,5,7,12
7338,19,12,31
7339,2,0,2
7340,2,2,4
7341,2,1,3
7342,4,11,15
7343,15,6,21
7344,0,2,2
7345,2,0,2
7346,7,3,10
7347,0,2,2
7348,5,5,10
7349,1,4,5
7350,2,0,2
7351,57,46,103
7352,11,5,16
7353,1,3,4
7355,1,15,16
7358,3,10,13
7359,0,1,1
7360,4,2,6
7361,5,3,8
7362,2,0,2
7369,0,1,1
7370,1,1,2
7371,0,1,1
7372,0,1,1
7374,0,1,1
7378,0,1,1
7380,0,1,1
7381,0,1,1
7383,3,5,8
7385,2,1,3
7386,0,4,4
7387,0,1,1
7389,0,1,1
7391,1,1,2
7392,17,5,22
7393,10,17,27
7394,4,2,6
7395,4,4,8
7396,2,2,4
7397,0,3,3
7398,43,29,72
7399,0,2,2
7400,1,1,2
7401,3,3,6
7402,4,4,8
7404,1,0,1
7405,2,5,7
7407,0,2,2
7408,2,1,3
7409,0,1,1
7410,1,2,3
7411,2,4,6
7412,1,2,3
7413,3,5,8
7414,2,3,5
7415,4,1,5
7416,21,14,35
7417,35,25,60
7418,2,2,4
7419,0,2,2
7420,0,1,1
7421,3,4,7
7422,6,3,9
7423,1,10,11
7424,4,6,10
7425,8,2,10
7426,37,32,69
7427,4,11,15
7428,2,8,10
7431,0,1,1
7434,1,0,1
7435,0,1,1
7436,3,0,3
7438,3,4,7
7439,3,1,4
7440,7,20,27
7441,0,2,2
7442,13,35,48
7443,0,1,1
7444,3,4,7
7445,0,1,1
7446,1,1,2
7447,1,2,3
7448,2,1,3
7449,1,0,1
7450,23,20,43
7451,1,1,2
7452,1,2,3
7453,15,38,53
7454,7,19,26
7455,2,4,6
7456,2,4,6
7457,0,2,2
7458,3,3,6
7459,0,1,1
7460,0,1,1
7461,0,1,1
7462,0,1,1
7465,1,4,5
7466,1,0,1
7467,1,6,7
7468,0,2,2
7469,20,18,38
7470,58,40,98
7471,20,49,69
7472,147,35,182
7473,4,23,27
7474,3,4,7
7475,6,23,29
7476,7,16,23
7477,0,4,4
7478,4,12,16
7479,1,3,4
7480,1,1,2
7481,2,4,6
7482,0,2,2
7483,37,65,102
7484,9,34,43
7485,1,2,3
7486,15,18,33
7487,20,4,24
7488,0,2,2
7489,3,9,12
7490,14,24,38
7491,1,2,3
7492,42,35,77
7493,27,29,56
7494,181,90,271
7495,27,26,53
7496,6,39,45
7497,14,47,61
7498,27,33,60
7499,27,56,83
7500,6,5,11
7501,8,11,19
7502,3,12,15
7503,3,6,9
7504,1,2,3
7505,48,63,111
7506,2,4,6
7508,0,4,4
7511,0,2,2
7512,17,6,23
7513,4,6,10
7514,1,3,4
7515,128,39,167
7516,7,4,11
7517,1,1,2
7518,1,1,2
7519,3,1,4
7520,1,2,3
7521,4,6,10
7522,2,2,4
7524,0,1,1
7525,1,2,3
7526,12,11,23
7527,2,0,2
7528,1,0,1
7529,5,0,5
7530,0,1,1
7532,1,1,2
7534,1,5,6
7535,2,7,9
7536,8,12,20
7537,5,3,8
7538,48,118,166
7539,6,9,15
7540,81,24,105
7541,72,121,193
7542,0,6,6
7543,1,3,4
7544,2,1,3
7545,0,3,3
7546,1,4,5
7547,2,2,4
7548,1,2,3
7549,11,6,17
7550,0,1,1
7551,0,1,1
7552,0,2,2
7553,1,1,2
7555,1,0,1
7556,1,2,3
7557,5,8,13
7558,0,1,1
7559,0,4,4
7560,4,3,7
7561,0,1,1
7562,0,8,8
7564,2,1,3
7565,5,8,13
7566,0,2,2
7567,0,2,2
7569,5,0,5
7570,1,0,1
7571,8,13,21
7572,2,0,2
7573,6,3,9
7574,4,7,11
7575,0,7,7
7576,10,5,15
7577,3,3,6
7578,1,1,2
7580,1,1,2
7582,1,0,1
7583,1,5,6
7584,0,1,1
7586,0,2,2
7587,1,0,1
7588,14,11,25
7589,2,2,4
7590,1,3,4
7592,0,2,2
7593,49,43,92
7594,0,1,1
7596,3,3,6
7597,2,8,10
7598,5,17,22
7599,6,28,34
7600,2,3,5
7601,0,2,2
7602,85,58,143
7603,2,1,3
7604,17,6,23
7605,35,28,63
7606,0,1,1
7607,1,2,3
7608,7,8,15
7609,0,2,2
7610,8,15,23
7611,34,21,55
7613,1,1,2
7615,2,4,6
7616,0,2,2
7617,0,1,1
7618,1,0,1
7619,1,2,3
7620,25,26,51
7621,0,1,1
7622,1,2,3
7623,8,2,10
7624,0,2,2
7625,1,0,1
7626,4,4,8
7627,1,0,1
7628,1,0,1
7630,0,1,1
7631,6,18,24
7632,1,4,5
7633,0,1,1
7635,1,1,2
7637,0,1,1
7640,0,1,1
7641,7,0,7
7642,3,2,5
7643,3,3,6
7644,1,2,3
7645,0,1,1
7646,1,1,2
7647,3,0,3
7648,1,2,3
7649,2,7,9
7650,1,3,4
7651,2,2,4
7652,22,16,38
7653,7,3,10
7654,22,23,45
7655,7,2,9
7656,0,1,1
7657,0,1,1
7659,1,3,4
7660,1,0,1
7661,1,0,1
7662,0,1,1
7663,1,0,1
7664,2,2,4
7665,2,3,5
7666,0,1,1
7667,0,1,1
7668,0,1,1
7670,0,3,3
7671,1,5,6
7672,14,26,40
7673,24,16,40
7674,0,2,2
7675,3,15,18
7676,3,21,24
7677,2,16,18
7678,15,45,60
7679,6,41,47
7680,11,29,40
7681,4,10,14
7682,2,17,19
7683,4,19,23
7684,2,0,2
7685,0,1,1
7686,0,3,3
7687,2,7,9
7688,2,5,7
7689,6,15,21
7690,0,2,2
7691,0,3,3
7692,1,4,5
7693,1,3,4
7698,1,1,2
7699,1,1,2
7700,0,1,1
7701,2,1,3
7702,5,12,17
7703,0,2,2
7704,1,1,2
7705,8,8,16
7706,1,0,1
7707,2,5,7
7708,4,3,7
7709,2,6,8
7710,2,3,5
7711,0,1,1
7714,1,0,1
7717,1,0,1
7718,0,1,1
7719,0,1,1
7720,1,2,3
7721,2,1,3
7723,0,2,2
7724,1,0,1
7725,2,0,2
7726,3,3,6
7728,0,1,1
7729,0,3,3
7730,1,3,4
7731,2,2,4
7732,1,3,4
7733,1,0,1
7734,6,1,7
7736,0,2,2
7737,0,1,1
7738,0,1,1
7739,0,2,2
7740,0,4,4
7741,0,1,1
7742,1,1,2
7743,1,1,2
7744,0,3,3
7745,2,1,3
7746,0,9,9
7747,6,8,14
7748,4,3,7
7749,0,1,1
7750,10,7,17
7751,2,5,7
7752,2,3,5
7753,2,13,15
7754,2,1,3
7755,2,2,4
7756,1,1,2
7757,0,1,1
7758,5,26,31
7761,4,9,13
7762,0,1,1
7763,1,0,1
7765,0,2,2
7767,3,0,3
7768,0,2,2
7769,1,1,2
7770,0,4,4
7771,3,4,7
7772,30,33,63
7773,0,3,3
7774,0,1,1
7775,2,1,3
7776,0,2,2
7777,1,0,1
7778,1,0,1
7781,0,2,2
7782,1,3,4
7783,39,41,80
7784,0,1,1
7785,1,0,1
7787,3,2,5
7788,5,4,9
7789,7,3,10
7790,0,2,2
7791,6,21,27
7792,15,25,40
7793,4,0,4
7794,24,47,71
7795,16,9,25
7796,9,26,35
7797,3,1,4
7798,2,4,6
7799,1,0,1
7800,5,38,43
7801,0,4,4
7802,1,4,5
7803,0,1,1
7804,1,1,2
7805,5,4,9
7806,2,3,5
7807,8,16,24
7809,3,3,6
7810,0,2,2
7811,0,2,2
7812,1,0,1
7814,0,1,1
7815,1,5,6
7817,4,2,6
7818,0,1,1
7819,0,2,2
7820,3,0,3
7821,8,4,12
7823,1,3,4
7824,1,2,3
7825,0,2,2
7826,0,2,2
7829,0,3,3
7830,2,2,4
7831,0,2,2
7832,1,1,2
7833,2,2,4
7834,6,10,16
7836,0,1,1
7837,1,1,2
7838,0,1,1
7839,5,1,6
7840,1,1,2
7842,0,1,1
7843,8,3,11
7844,2,6,8
7845,4,3,7
7846,3,4,7
7847,1,1,2
7848,3,3,6
7849,1,5,6
7850,3,5,8
7851,0,1,1
7852,1,0,1
7853,0,1,1
7854,0,1,1
7855,3,5,8
7856,1,1,2
7857,0,1,1
7858,0,1,1
7859,0,4,4
7861,0,1,1
7862,0,1,1
7863,0,1,1
7865,1,1,2
7866,3,10,13
7867,139,59,198
7868,8,31,39
7869,1,0,1
7870,0,1,1
7871,1,0,1
7872,0,4,4
7873,0,2,2
7874,0,1,1
7875,1,0,1
7876,19,6,25
7877,0,1,1
7878,2,2,4
7879,0,1,1
7880,1,0,1
7882,0,2,2
7883,1,0,1
7885,0,1,1
7886,0,2,2
7887,6,6,12
7888,2,6,8
7889,0,6,6
7890,0,3,3
7891,21,11,32
7892,6,5,11
7893,2,4,6
7894,3,2,5
7895,3,5,8
7896,2,7,9
7897,0,5,5
7898,0,1,1
7899,7,6,13
7900,1,3,4
7901,1,0,1
7902,6,2,8
7903,3,2,5
7904,0,1,1
7906,2,2,4
7907,2,4,6
7908,7,2,9
7909,0,1,1
7910,1,0,1
7911,1,0,1
7912,0,1,1
7913,0,3,3
7914,0,1,1
7915,2,0,2
7917,1,2,3
7919,0,1,1
7921,1,0,1
7922,1,1,2
7923,0,2,2
7924,0,1,1
7925,1,0,1
7928,1,1,2
7929,0,2,2
7931,2,1,3
7932,0,3,3
7933,1,0,1
7934,0,1,1
7936,0,2,2
7941,0,4,4
7942,0,5,5
7943,3,7,10
7944,0,2,2
7945,3,4,7
7946,1,2,3
7947,1,0,1
7948,15,6,21
7949,6,10,16
7950,3,11,14
7951,18,25,43
7952,1,2,3
7953,0,1,1
7954,3,2,5
7955,0,1,1
7956,1,0,1
7958,1,0,1
7959,0,2,2
7961,0,1,1
7962,1,1,2
7963,2,4,6
7964,0,3,3
7965,1,2,3
7966,1,3,4
7969,4,5,9
7971,3,0,3
7972,2,2,4
7973,3,0,3
7975,1,5,6
7976,4,1,5
7977,0,2,2
7978,1,3,4
7979,1,1,2
7981,0,1,1
7982,1,1,2
7983,0,2,2
7984,0,1,1
7985,2,2,4
7986,5,2,7
7987,0,4,4
7988,2,1,3
7989,0,3,3
7990,2,0,2
7991,2,7,9
7992,0,2,2
7993,1,3,4
7994,2,1,3
7995,2,1,3
7996,0,1,1
7997,1,2,3
7998,0,1,1
8001,0,1,1
8002,0,1,1
8005,0,1,1
8007,2,1,3
8008,9,5,14
8009,6,5,11
8010,522,423,945
8011,3,1,4
8012,3,3,6
8013,14,4,18
8014,1,4,5
8015,5,5,10
8016,42,24,66
8017,7,11,18
8018,2,1,3
8019,1,2,3
8020,7,9,16
8021,3,1,4
8023,1,2,3
8024,0,2,2
8025,0,2,2
8026,9,2,11
8027,1,1,2
8028,0,7,7
8029,2,2,4
8030,0,1,1
8031,0,2,2
8032,0,5,5
8033,1,2,3
8034,0,8,8
8035,4,3,7
8036,0,1,1
8038,2,1,3
8039,1,1,2
8040,1,0,1
8041,0,1,1
8042,1,1,2
8043,1,1,2
8044,0,1,1
8045,1,2,3
8047,0,2,2
8050,4,4,8
8051,3,2,5
8052,0,1,1
8053,1,2,3
8054,15,5,20
8055,1,1,2
8056,1,2,3
8057,2,2,4
8058,4,5,9
8059,5,1,6
8062,0,2,2
8064,0,1,1
8065,1,2,3
8066,1,1,2
8067,0,2,2
8068,0,1,1
8069,1,5,6
8070,8,7,15
8071,0,2,2
8072,12,19,31
8073,32,42,74
8074,0,1,1
8075,0,1,1
8076,1,1,2
8077,2,1,3
8078,2,0,2
8079,0,1,1
8080,0,2,2
8081,0,1,1
8082,1,0,1
8083,4,7,11
8084,1,0,1
8085,1,2,3
8086,1,3,4
8088,8,30,38
8089,1,1,2
8090,0,1,1
8091,0,1,1
8092,1,0,1
8093,2,1,3
8094,0,3,3
8095,0,3,3
8096,1,1,2
8097,1,9,10
8098,5,14,19
8099,0,1,1
8100,1,0,1
8101,1,3,4
8102,0,5,5
8103,1,3,4
8104,0,4,4
8105,3,3,6
8106,1,0,1
8109,0,2,2
8110,2,4,6
8112,2,4,6
8113,1,4,5
8116,0,3,3
8117,0,1,1
8118,2,3,5
8119,0,3,3
8120,24,12,36
8121,2,1,3
8122,3,7,10
8123,6,3,9
8124,1,3,4
8125,27,38,65
8126,4,1,5
8127,3,2,5
8128,2,2,4
8129,2,3,5
8130,0,1,1
8134,0,1,1
8137,1,4,5
8139,0,1,1
8140,2,2,4
8141,0,1,1
8142,1,1,2
8143,0,1,1
8144,1,3,4
8145,0,1,1
8147,2,2,4
8148,1,0,1
8150,8,11,19
8151,1,0,1
8152,0,1,1
8153,2,9,11
8154,3,1,4
8155,0,4,4
8156,4,7,11
8157,5,3,8
8158,1,1,2
8160,0,1,1
8161,2,2,4
8162,3,4,7
8163,11,18,29
8164,2,1,3
8165,0,1,1
8166,2,6,8
8167,2,2,4
8168,33,30,63
8169,15,7,22
